                   Strain Energy (kcal/mol)  Deviation (%)
      Geometries     3.17146113                  -
 Red. Int. Modes      3.86073126                21.73

 RIM No.       RIM type                    delta_q (au) Percentage    Energy (kcal/mol)
     1       bond                0 1        0.0000000      0.0        0.0000000
     2       bond                0 5        0.0000000      0.0        0.0000000
     3       bond                0 9        0.0000000      0.0        0.0000000
     4       bond                1 2        0.0000000      0.0        0.0000000
     5       bond               1 12        0.0000000      0.0        0.0000000
     6       bond                2 3        0.0000000      0.0        0.0000000
     7       bond               2 13        0.0000000      0.0        0.0000000
     8       bond                3 4        0.0000000      0.0        0.0000000
     9       bond               3 14        0.1889726    100.0        3.8607313
    10       bond                4 5        0.0000000      0.0        0.0000000
    11       bond               4 15        0.0000000      0.0        0.0000000
    12       bond               5 16        0.0000000      0.0        0.0000000
    13       bond                6 7        0.0000000      0.0        0.0000000
    14       bond               6 11        0.0000000      0.0        0.0000000
    15       bond               6 17        0.0000000      0.0        0.0000000
    16       bond                7 8        0.0000000      0.0        0.0000000
    17       bond               7 18        0.0000000      0.0        0.0000000
    18       bond                8 9        0.0000000      0.0        0.0000000
    19       bond               8 19        0.0000000      0.0        0.0000000
    20       bond               9 10        0.0000000      0.0        0.0000000
    21       bond              10 11        0.0000000      0.0        0.0000000
    22       bond              10 20        0.0000000      0.0        0.0000000
    23       bond              11 21        0.0000000      0.0        0.0000000
    24       bond angle        0 1 2        0.0000000      0.0        0.0000000
    25       bond angle       0 1 12        0.0000000      0.0        0.0000000
    26       bond angle       0 5 16        0.0000000      0.0        0.0000000
    27       bond angle        0 5 4        0.0000000      0.0        0.0000000
    28       bond angle        0 9 8        0.0000000      0.0        0.0000000
    29       bond angle       0 9 10        0.0000000      0.0        0.0000000
    30       bond angle        1 0 5        0.0000000      0.0        0.0000000
    31       bond angle        1 0 9        0.0000000      0.0        0.0000000
    32       bond angle        1 2 3        0.0000000      0.0        0.0000000
    33       bond angle       1 2 13        0.0000000      0.0        0.0000000
    34       bond angle       2 1 12        0.0000000      0.0        0.0000000
    35       bond angle       2 3 14       -0.0000000     -0.0       -0.0000000
    36       bond angle        2 3 4        0.0000000      0.0        0.0000000
    37       bond angle       3 2 13        0.0000000      0.0        0.0000000
    38       bond angle        3 4 5        0.0000000      0.0        0.0000000
    39       bond angle       3 4 15        0.0000000      0.0        0.0000000
    40       bond angle       4 3 14        0.0000000      0.0        0.0000000
    41       bond angle       4 5 16        0.0000000      0.0        0.0000000
    42       bond angle        5 0 9        0.0000000      0.0        0.0000000
    43       bond angle       5 4 15        0.0000000      0.0        0.0000000
    44       bond angle       6 7 18        0.0000000      0.0        0.0000000
    45       bond angle        6 7 8        0.0000000      0.0        0.0000000
    46       bond angle      6 11 10        0.0000000      0.0        0.0000000
    47       bond angle      6 11 21        0.0000000      0.0        0.0000000
    48       bond angle       7 6 11        0.0000000      0.0        0.0000000
    49       bond angle       7 6 17        0.0000000      0.0        0.0000000
    50       bond angle       7 8 19        0.0000000      0.0        0.0000000
    51       bond angle        7 8 9        0.0000000      0.0        0.0000000
    52       bond angle       8 7 18        0.0000000      0.0        0.0000000
    53       bond angle       8 9 10        0.0000000      0.0        0.0000000
    54       bond angle       9 8 19        0.0000000      0.0        0.0000000
    55       bond angle      9 10 20        0.0000000      0.0        0.0000000
    56       bond angle      9 10 11        0.0000000      0.0        0.0000000
    57       bond angle     10 11 21        0.0000000      0.0        0.0000000
    58       bond angle      11 6 17        0.0000000      0.0        0.0000000
    59       bond angle     11 10 20        0.0000000      0.0        0.0000000
    60       dihedral        5 0 1 2        0.0000000      0.0        0.0000000
    61       dihedral       5 0 1 12        0.0000000      0.0        0.0000000
    62       dihedral        9 0 1 2        0.0000000      0.0        0.0000000
    63       dihedral       9 0 1 12        0.0000000      0.0        0.0000000
    64       dihedral        1 0 5 4        0.0000000      0.0        0.0000000
    65       dihedral       1 0 5 16        0.0000000      0.0        0.0000000
    66       dihedral        9 0 5 4        0.0000000      0.0        0.0000000
    67       dihedral       9 0 5 16        0.0000000      0.0        0.0000000
    68       dihedral        1 0 9 8        0.0000000      0.0        0.0000000
    69       dihedral       1 0 9 10        0.0000000      0.0        0.0000000
    70       dihedral        5 0 9 8        0.0000000      0.0        0.0000000
    71       dihedral       5 0 9 10        0.0000000      0.0        0.0000000
    72       dihedral        0 1 2 3        0.0000000      0.0        0.0000000
    73       dihedral       0 1 2 13        0.0000000      0.0        0.0000000
    74       dihedral       12 1 2 3        0.0000000      0.0        0.0000000
    75       dihedral      12 1 2 13        0.0000000      0.0        0.0000000
    76       dihedral        1 2 3 4        0.0000000      0.0        0.0000000
    77       dihedral       1 2 3 14        0.0000000     -0.0       -0.0000000
    78       dihedral       13 2 3 4        0.0000000      0.0        0.0000000
    79       dihedral      13 2 3 14        0.0000000      0.0        0.0000000
    80       dihedral        2 3 4 5        0.0000000      0.0        0.0000000
    81       dihedral       2 3 4 15        0.0000000      0.0        0.0000000
    82       dihedral       14 3 4 5       -0.0000000     -0.0       -0.0000000
    83       dihedral      14 3 4 15        0.0000000      0.0        0.0000000
    84       dihedral        3 4 5 0        0.0000000      0.0        0.0000000
    85       dihedral       3 4 5 16        0.0000000      0.0        0.0000000
    86       dihedral       15 4 5 0        0.0000000      0.0        0.0000000
    87       dihedral      15 4 5 16        0.0000000      0.0        0.0000000
    88       dihedral       11 6 7 8        0.0000000      0.0        0.0000000
    89       dihedral      11 6 7 18        0.0000000      0.0        0.0000000
    90       dihedral       17 6 7 8        0.0000000      0.0        0.0000000
    91       dihedral      17 6 7 18        0.0000000      0.0        0.0000000
    92       dihedral      7 6 11 10        0.0000000      0.0        0.0000000
    93       dihedral      7 6 11 21        0.0000000      0.0        0.0000000
    94       dihedral     17 6 11 10        0.0000000      0.0        0.0000000
    95       dihedral     17 6 11 21        0.0000000      0.0        0.0000000
    96       dihedral        6 7 8 9        0.0000000      0.0        0.0000000
    97       dihedral       6 7 8 19        0.0000000      0.0        0.0000000
    98       dihedral       18 7 8 9        0.0000000      0.0        0.0000000
    99       dihedral      18 7 8 19        0.0000000      0.0        0.0000000
   100       dihedral        7 8 9 0        0.0000000      0.0        0.0000000
   101       dihedral       7 8 9 10        0.0000000      0.0        0.0000000
   102       dihedral       19 8 9 0        0.0000000      0.0        0.0000000
   103       dihedral      19 8 9 10        0.0000000      0.0        0.0000000
   104       dihedral      0 9 10 11        0.0000000      0.0        0.0000000
   105       dihedral      0 9 10 20        0.0000000      0.0        0.0000000
   106       dihedral      8 9 10 11        0.0000000      0.0        0.0000000
   107       dihedral      8 9 10 20        0.0000000      0.0        0.0000000
   108       dihedral      9 10 11 6        0.0000000      0.0        0.0000000
   109       dihedral     9 10 11 21        0.0000000      0.0        0.0000000
   110       dihedral     20 10 11 6        0.0000000      0.0        0.0000000
   111       dihedral    20 10 11 21        0.0000000      0.0        0.0000000
                   Strain Energy (kcal/mol)  Deviation (%)
      Geometries     3.17146113                  -
 Red. Int. Modes      3.86073126                21.73

 RIM No.       RIM type                    delta_q (au) Percentage    Energy (kcal/mol)
     1       bond                0 1        0.0000000      0.0        0.0000000
     2       bond                0 5        0.0000000      0.0        0.0000000
     3       bond                0 9        0.0000000      0.0        0.0000000
     4       bond                1 2        0.0000000      0.0        0.0000000
     5       bond               1 12        0.0000000      0.0        0.0000000
     6       bond                2 3        0.0000000      0.0        0.0000000
     7       bond               2 13        0.0000000      0.0        0.0000000
     8       bond                3 4        0.0000000      0.0        0.0000000
     9       bond               3 14        0.1889726    100.0        3.8607313
    10       bond                4 5        0.0000000      0.0        0.0000000
    11       bond               4 15        0.0000000      0.0        0.0000000
    12       bond               5 16        0.0000000      0.0        0.0000000
    13       bond                6 7        0.0000000      0.0        0.0000000
    14       bond               6 11        0.0000000      0.0        0.0000000
    15       bond               6 17        0.0000000      0.0        0.0000000
    16       bond                7 8        0.0000000      0.0        0.0000000
    17       bond               7 18        0.0000000      0.0        0.0000000
    18       bond                8 9        0.0000000      0.0        0.0000000
    19       bond               8 19        0.0000000      0.0        0.0000000
    20       bond               9 10        0.0000000      0.0        0.0000000
    21       bond              10 11        0.0000000      0.0        0.0000000
    22       bond              10 20        0.0000000      0.0        0.0000000
    23       bond              11 21        0.0000000      0.0        0.0000000
    24       bond angle        0 1 2        0.0000000      0.0        0.0000000
    25       bond angle       0 1 12        0.0000000      0.0        0.0000000
    26       bond angle       0 5 16        0.0000000      0.0        0.0000000
    27       bond angle        0 5 4        0.0000000      0.0        0.0000000
    28       bond angle        0 9 8        0.0000000      0.0        0.0000000
    29       bond angle       0 9 10        0.0000000      0.0        0.0000000
    30       bond angle        1 0 5        0.0000000      0.0        0.0000000
    31       bond angle        1 0 9        0.0000000      0.0        0.0000000
    32       bond angle        1 2 3        0.0000000      0.0        0.0000000
    33       bond angle       1 2 13        0.0000000      0.0        0.0000000
    34       bond angle       2 1 12        0.0000000      0.0        0.0000000
    35       bond angle       2 3 14       -0.0000000     -0.0       -0.0000000
    36       bond angle        2 3 4        0.0000000      0.0        0.0000000
    37       bond angle       3 2 13        0.0000000      0.0        0.0000000
    38       bond angle        3 4 5        0.0000000      0.0        0.0000000
    39       bond angle       3 4 15        0.0000000      0.0        0.0000000
    40       bond angle       4 3 14        0.0000000      0.0        0.0000000
    41       bond angle       4 5 16        0.0000000      0.0        0.0000000
    42       bond angle        5 0 9        0.0000000      0.0        0.0000000
    43       bond angle       5 4 15        0.0000000      0.0        0.0000000
    44       bond angle       6 7 18        0.0000000      0.0        0.0000000
    45       bond angle        6 7 8        0.0000000      0.0        0.0000000
    46       bond angle      6 11 10        0.0000000      0.0        0.0000000
    47       bond angle      6 11 21        0.0000000      0.0        0.0000000
    48       bond angle       7 6 11        0.0000000      0.0        0.0000000
    49       bond angle       7 6 17        0.0000000      0.0        0.0000000
    50       bond angle       7 8 19        0.0000000      0.0        0.0000000
    51       bond angle        7 8 9        0.0000000      0.0        0.0000000
    52       bond angle       8 7 18        0.0000000      0.0        0.0000000
    53       bond angle       8 9 10        0.0000000      0.0        0.0000000
    54       bond angle       9 8 19        0.0000000      0.0        0.0000000
    55       bond angle      9 10 20        0.0000000      0.0        0.0000000
    56       bond angle      9 10 11        0.0000000      0.0        0.0000000
    57       bond angle     10 11 21        0.0000000      0.0        0.0000000
    58       bond angle      11 6 17        0.0000000      0.0        0.0000000
    59       bond angle     11 10 20        0.0000000      0.0        0.0000000
    60       dihedral        5 0 1 2        0.0000000      0.0        0.0000000
    61       dihedral       5 0 1 12        0.0000000      0.0        0.0000000
    62       dihedral        9 0 1 2        0.0000000      0.0        0.0000000
    63       dihedral       9 0 1 12        0.0000000      0.0        0.0000000
    64       dihedral        1 0 5 4        0.0000000      0.0        0.0000000
    65       dihedral       1 0 5 16        0.0000000      0.0        0.0000000
    66       dihedral        9 0 5 4        0.0000000      0.0        0.0000000
    67       dihedral       9 0 5 16        0.0000000      0.0        0.0000000
    68       dihedral        1 0 9 8        0.0000000      0.0        0.0000000
    69       dihedral       1 0 9 10        0.0000000      0.0        0.0000000
    70       dihedral        5 0 9 8        0.0000000      0.0        0.0000000
    71       dihedral       5 0 9 10        0.0000000      0.0        0.0000000
    72       dihedral        0 1 2 3        0.0000000      0.0        0.0000000
    73       dihedral       0 1 2 13        0.0000000      0.0        0.0000000
    74       dihedral       12 1 2 3        0.0000000      0.0        0.0000000
    75       dihedral      12 1 2 13        0.0000000      0.0        0.0000000
    76       dihedral        1 2 3 4        0.0000000      0.0        0.0000000
    77       dihedral       1 2 3 14        0.0000000     -0.0       -0.0000000
    78       dihedral       13 2 3 4        0.0000000      0.0        0.0000000
    79       dihedral      13 2 3 14        0.0000000      0.0        0.0000000
    80       dihedral        2 3 4 5        0.0000000      0.0        0.0000000
    81       dihedral       2 3 4 15        0.0000000      0.0        0.0000000
    82       dihedral       14 3 4 5       -0.0000000     -0.0       -0.0000000
    83       dihedral      14 3 4 15        0.0000000      0.0        0.0000000
    84       dihedral        3 4 5 0        0.0000000      0.0        0.0000000
    85       dihedral       3 4 5 16        0.0000000      0.0        0.0000000
    86       dihedral       15 4 5 0        0.0000000      0.0        0.0000000
    87       dihedral      15 4 5 16        0.0000000      0.0        0.0000000
    88       dihedral       11 6 7 8        0.0000000      0.0        0.0000000
    89       dihedral      11 6 7 18        0.0000000      0.0        0.0000000
    90       dihedral       17 6 7 8        0.0000000      0.0        0.0000000
    91       dihedral      17 6 7 18        0.0000000      0.0        0.0000000
    92       dihedral      7 6 11 10        0.0000000      0.0        0.0000000
    93       dihedral      7 6 11 21        0.0000000      0.0        0.0000000
    94       dihedral     17 6 11 10        0.0000000      0.0        0.0000000
    95       dihedral     17 6 11 21        0.0000000      0.0        0.0000000
    96       dihedral        6 7 8 9        0.0000000      0.0        0.0000000
    97       dihedral       6 7 8 19        0.0000000      0.0        0.0000000
    98       dihedral       18 7 8 9        0.0000000      0.0        0.0000000
    99       dihedral      18 7 8 19        0.0000000      0.0        0.0000000
   100       dihedral        7 8 9 0        0.0000000      0.0        0.0000000
   101       dihedral       7 8 9 10        0.0000000      0.0        0.0000000
   102       dihedral       19 8 9 0        0.0000000      0.0        0.0000000
   103       dihedral      19 8 9 10        0.0000000      0.0        0.0000000
   104       dihedral      0 9 10 11        0.0000000      0.0        0.0000000
   105       dihedral      0 9 10 20        0.0000000      0.0        0.0000000
   106       dihedral      8 9 10 11        0.0000000      0.0        0.0000000
   107       dihedral      8 9 10 20        0.0000000      0.0        0.0000000
   108       dihedral      9 10 11 6        0.0000000      0.0        0.0000000
   109       dihedral     9 10 11 21        0.0000000      0.0        0.0000000
   110       dihedral     20 10 11 6        0.0000000      0.0        0.0000000
   111       dihedral    20 10 11 21        0.0000000      0.0        0.0000000
