                   Strain Energy (kcal/mol)  Deviation (%)
      Geometries     3.17146113                  -
 Red. Int. Modes      3.86218704                21.78

 RIM No.       RIM type                    delta_q (au) Percentage    Energy (kcal/mol)
     1       bond                0 1        0.0000000      0.0        0.0000000
     2       bond                0 5        0.0000000      0.0        0.0000000
     3       bond                1 2        0.0000000      0.0        0.0000000
     4       bond               1 12        0.0000000      0.0        0.0000000
     5       bond                2 3        0.0000000      0.0        0.0000000
     6       bond               2 13        0.0000000      0.0        0.0000000
     7       bond                3 4        0.0000000      0.0        0.0000000
     8       bond               3 14        0.1889726    100.0        3.8621870
     9       bond                4 5        0.0000000      0.0        0.0000000
    10       bond               4 15        0.0000000      0.0        0.0000000
    11       bond               5 16        0.0000000      0.0        0.0000000
    12       bond angle        0 1 2        0.0000000      0.0        0.0000000
    13       bond angle       0 1 12        0.0000000      0.0        0.0000000
    14       bond angle        0 5 4        0.0000000      0.0        0.0000000
    15       bond angle       0 5 16        0.0000000      0.0        0.0000000
    16       bond angle        1 0 5        0.0000000      0.0        0.0000000
    17       bond angle        1 2 3        0.0000000      0.0        0.0000000
    18       bond angle       1 2 13        0.0000000      0.0        0.0000000
    19       bond angle       2 1 12        0.0000000      0.0        0.0000000
    20       bond angle        2 3 4       -0.0000000     -0.0       -0.0000000
    21       bond angle       2 3 14        0.0000000      0.0        0.0000000
    22       bond angle       3 2 13        0.0000000      0.0        0.0000000
    23       bond angle        3 4 5        0.0000000      0.0        0.0000000
    24       bond angle       3 4 15        0.0000000      0.0        0.0000000
    25       bond angle       4 3 14        0.0000000      0.0        0.0000000
    26       bond angle       4 5 16        0.0000000      0.0        0.0000000
    27       bond angle       5 4 15        0.0000000      0.0        0.0000000
    28       dihedral        5 0 1 2        0.0000000      0.0        0.0000000
    29       dihedral       5 0 1 12        0.0000000      0.0        0.0000000
    30       dihedral        1 0 5 4        0.0000000      0.0        0.0000000
    31       dihedral       1 0 5 16        0.0000000      0.0        0.0000000
    32       dihedral        0 1 2 3        0.0000000      0.0        0.0000000
    33       dihedral       0 1 2 13        0.0000000      0.0        0.0000000
    34       dihedral       12 1 2 3        0.0000000      0.0        0.0000000
    35       dihedral      12 1 2 13        0.0000000      0.0        0.0000000
    36       dihedral        1 2 3 4        0.0000000      0.0        0.0000000
    37       dihedral       1 2 3 14        0.0000000      0.0        0.0000000
    38       dihedral       13 2 3 4        0.0000000      0.0        0.0000000
    39       dihedral      13 2 3 14        0.0000000      0.0        0.0000000
    40       dihedral        2 3 4 5        0.0000000      0.0        0.0000000
    41       dihedral       2 3 4 15        0.0000000      0.0        0.0000000
    42       dihedral       14 3 4 5        0.0000000      0.0        0.0000000
    43       dihedral      14 3 4 15        0.0000000      0.0        0.0000000
    44       dihedral        3 4 5 0        0.0000000      0.0        0.0000000
    45       dihedral       3 4 5 16        0.0000000      0.0        0.0000000
    46       dihedral       15 4 5 0        0.0000000      0.0        0.0000000
    47       dihedral      15 4 5 16        0.0000000      0.0        0.0000000
                   Strain Energy (kcal/mol)  Deviation (%)
      Geometries     3.17146113                  -
 Red. Int. Modes      3.86218704                21.78

 RIM No.       RIM type                    delta_q (au) Percentage    Energy (kcal/mol)
     1       bond                0 1        0.0000000      0.0        0.0000000
     2       bond                0 5        0.0000000      0.0        0.0000000
     3       bond                1 2        0.0000000      0.0        0.0000000
     4       bond               1 12        0.0000000      0.0        0.0000000
     5       bond                2 3        0.0000000      0.0        0.0000000
     6       bond               2 13        0.0000000      0.0        0.0000000
     7       bond                3 4        0.0000000      0.0        0.0000000
     8       bond               3 14        0.1889726    100.0        3.8621870
     9       bond                4 5        0.0000000      0.0        0.0000000
    10       bond               4 15        0.0000000      0.0        0.0000000
    11       bond               5 16        0.0000000      0.0        0.0000000
    12       bond angle        0 1 2        0.0000000      0.0        0.0000000
    13       bond angle       0 1 12        0.0000000      0.0        0.0000000
    14       bond angle        0 5 4        0.0000000      0.0        0.0000000
    15       bond angle       0 5 16        0.0000000      0.0        0.0000000
    16       bond angle        1 0 5        0.0000000      0.0        0.0000000
    17       bond angle        1 2 3        0.0000000      0.0        0.0000000
    18       bond angle       1 2 13        0.0000000      0.0        0.0000000
    19       bond angle       2 1 12        0.0000000      0.0        0.0000000
    20       bond angle        2 3 4       -0.0000000     -0.0       -0.0000000
    21       bond angle       2 3 14        0.0000000      0.0        0.0000000
    22       bond angle       3 2 13        0.0000000      0.0        0.0000000
    23       bond angle        3 4 5        0.0000000      0.0        0.0000000
    24       bond angle       3 4 15        0.0000000      0.0        0.0000000
    25       bond angle       4 3 14        0.0000000      0.0        0.0000000
    26       bond angle       4 5 16        0.0000000      0.0        0.0000000
    27       bond angle       5 4 15        0.0000000      0.0        0.0000000
    28       dihedral        5 0 1 2        0.0000000      0.0        0.0000000
    29       dihedral       5 0 1 12        0.0000000      0.0        0.0000000
    30       dihedral        1 0 5 4        0.0000000      0.0        0.0000000
    31       dihedral       1 0 5 16        0.0000000      0.0        0.0000000
    32       dihedral        0 1 2 3        0.0000000      0.0        0.0000000
    33       dihedral       0 1 2 13        0.0000000      0.0        0.0000000
    34       dihedral       12 1 2 3        0.0000000      0.0        0.0000000
    35       dihedral      12 1 2 13        0.0000000      0.0        0.0000000
    36       dihedral        1 2 3 4        0.0000000      0.0        0.0000000
    37       dihedral       1 2 3 14        0.0000000      0.0        0.0000000
    38       dihedral       13 2 3 4        0.0000000      0.0        0.0000000
    39       dihedral      13 2 3 14        0.0000000      0.0        0.0000000
    40       dihedral        2 3 4 5        0.0000000      0.0        0.0000000
    41       dihedral       2 3 4 15        0.0000000      0.0        0.0000000
    42       dihedral       14 3 4 5        0.0000000      0.0        0.0000000
    43       dihedral      14 3 4 15        0.0000000      0.0        0.0000000
    44       dihedral        3 4 5 0        0.0000000      0.0        0.0000000
    45       dihedral       3 4 5 16        0.0000000      0.0        0.0000000
    46       dihedral       15 4 5 0        0.0000000      0.0        0.0000000
    47       dihedral      15 4 5 16        0.0000000      0.0        0.0000000
