                   Strain Energy (kcal/mol)  Deviation (%)
      Geometries     179.57589919                  -
 Red. Int. Modes      1.90057116               -98.94

 RIM No.       RIM type                    delta_q (au) Percentage    Energy (kcal/mol)
     1       bond                0 1       -0.0284766      3.8        0.0722290
     2       bond                0 2       -0.0349712      4.8        0.0904286
     3       bond                0 4       -0.0259115      3.4        0.0651918
     4       bond                0 6       -0.0382027      8.3        0.1583185
     5       bond                1 2       -0.0349712      4.8        0.0904286
     6       bond                1 3       -0.0259115      3.4        0.0651918
     7       bond                1 7       -0.0382027      8.3        0.1583185
     8       bond                2 5       -0.0394796      6.4        0.1221761
     9       bond                2 8       -0.0396876      9.0        0.1715296
    10       bond                3 4       -0.0284766      3.8        0.0722290
    11       bond                3 5       -0.0349712      4.8        0.0904286
    12       bond                3 9       -0.0382027      8.3        0.1583185
    13       bond                4 5       -0.0349712      4.8        0.0904286
    14       bond               4 10       -0.0382027      8.3        0.1583185
    15       bond               5 11       -0.0396876      9.0        0.1715296
    16       bond angle        0 1 2       -0.0013139      0.0        0.0000131
    17       bond angle        0 1 3        0.0000000      0.0        0.0000000
    18       bond angle        0 1 7        0.0059193      0.0        0.0005400
    19       bond angle        0 2 1        0.0026278      0.0        0.0000523
    20       bond angle        0 2 8        0.0273459      0.3        0.0056420
    21       bond angle        0 2 5        0.0023738      0.0        0.0002374
    22       bond angle       0 4 10       -0.0073370      0.0        0.0005714
    23       bond angle        0 4 3        0.0000000      0.0        0.0000000
    24       bond angle        0 4 5       -0.0023738      0.0        0.0002374
    25       bond angle        1 0 2       -0.0013139      0.0        0.0000131
    26       bond angle        1 0 4        0.0000000      0.0        0.0000000
    27       bond angle        1 0 6        0.0059193      0.0        0.0005400
    28       bond angle        1 2 8        0.0273459      0.3        0.0056420
    29       bond angle        1 2 5        0.0023738      0.0        0.0002374
    30       bond angle        1 3 9       -0.0073370      0.0        0.0005714
    31       bond angle        1 3 4        0.0000000      0.0        0.0000000
    32       bond angle        1 3 5       -0.0023738      0.0        0.0002374
    33       bond angle        2 0 4       -0.0023738      0.0        0.0002374
    34       bond angle        2 0 6        0.0079610      0.1        0.0009573
    35       bond angle        2 1 7        0.0079610      0.1        0.0009573
    36       bond angle        2 1 3       -0.0023738      0.0        0.0002374
    37       bond angle        2 5 4        0.0023738      0.0        0.0002374
    38       bond angle        2 5 3        0.0023738      0.0        0.0002374
    39       bond angle       2 5 11       -0.0398111      0.8        0.0156219
    40       bond angle        3 1 7       -0.0073370      0.0        0.0005714
    41       bond angle       3 4 10        0.0059193      0.0        0.0005400
    42       bond angle        3 4 5       -0.0013139      0.0        0.0000131
    43       bond angle       3 5 11        0.0273459      0.3        0.0056420
    44       bond angle        3 5 4        0.0026278      0.0        0.0000523
    45       bond angle        4 0 6       -0.0073370      0.0        0.0005714
    46       bond angle        4 3 9        0.0059193      0.0        0.0005400
    47       bond angle        4 3 5       -0.0013139      0.0        0.0000131
    48       bond angle       4 5 11        0.0273459      0.3        0.0056420
    49       bond angle        5 2 8       -0.0398111      0.8        0.0156219
    50       bond angle        5 3 9        0.0079610      0.1        0.0009573
    51       bond angle       5 4 10        0.0079610      0.1        0.0009573
    52       dihedral        2 0 1 3        0.0027432      0.0        0.0003168
    53       dihedral        2 0 1 7        0.0084093      0.1        0.0011115
    54       dihedral        4 0 1 2       -0.0027432      0.0        0.0003168
    55       dihedral        4 0 1 3        0.0000000      0.0        0.0000000
    56       dihedral        4 0 1 7        0.0056661      0.0        0.0000945
    57       dihedral        6 0 1 2       -0.0084093      0.1        0.0011115
    58       dihedral        6 0 1 3       -0.0056661      0.0        0.0000945
    59       dihedral        6 0 1 7        0.0000000      0.0        0.0000000
    60       dihedral        1 0 2 5        0.0013750      0.0        0.0000794
    61       dihedral        1 0 2 8       -0.0327955      0.4        0.0078464
    62       dihedral        4 0 2 1       -0.0013750      0.0        0.0000794
    63       dihedral        4 0 2 5       -0.0000000      0.0        0.0000000
    64       dihedral        4 0 2 8       -0.0341705      0.5        0.0101491
    65       dihedral        6 0 2 1        0.0053032      0.0        0.0004664
    66       dihedral        6 0 2 5        0.0066782      0.1        0.0009730
    67       dihedral        6 0 2 8       -0.0274923      0.2        0.0041600
    68       dihedral        1 0 4 3        0.0000000      0.0        0.0000000
    69       dihedral        1 0 4 5        0.0013155      0.0        0.0000131
    70       dihedral       1 0 4 10        0.0006998      0.0        0.0000470
    71       dihedral        2 0 4 3       -0.0013155      0.0        0.0000131
    72       dihedral        2 0 4 5        0.0000000      0.0        0.0000000
    73       dihedral       2 0 4 10       -0.0006158     -0.0       -0.0000352
    74       dihedral        6 0 4 3       -0.0006998      0.0        0.0000470
    75       dihedral        6 0 4 5        0.0006158     -0.0       -0.0000352
    76       dihedral       6 0 4 10        0.0000000      0.0        0.0000000
    77       dihedral        0 1 2 5       -0.0013750      0.0        0.0000794
    78       dihedral        0 1 2 8        0.0327955      0.4        0.0078464
    79       dihedral        3 1 2 0        0.0013750      0.0        0.0000794
    80       dihedral        3 1 2 5        0.0000000      0.0        0.0000000
    81       dihedral        3 1 2 8        0.0341705      0.5        0.0101491
    82       dihedral        7 1 2 0       -0.0053032      0.0        0.0004664
    83       dihedral        7 1 2 5       -0.0066782      0.1        0.0009730
    84       dihedral        7 1 2 8        0.0274923      0.2        0.0041600
    85       dihedral        0 1 3 4        0.0000000      0.0        0.0000000
    86       dihedral        0 1 3 5       -0.0013155      0.0        0.0000131
    87       dihedral        0 1 3 9       -0.0006998      0.0        0.0000470
    88       dihedral        2 1 3 4        0.0013155      0.0        0.0000131
    89       dihedral        2 1 3 5        0.0000000      0.0        0.0000000
    90       dihedral        2 1 3 9        0.0006158     -0.0       -0.0000352
    91       dihedral        7 1 3 4        0.0006998      0.0        0.0000470
    92       dihedral        7 1 3 5       -0.0006158     -0.0       -0.0000352
    93       dihedral        7 1 3 9        0.0000000      0.0        0.0000000
    94       dihedral        0 2 5 3       -0.0026311      0.0        0.0000523
    95       dihedral        0 2 5 4        0.0000000      0.0        0.0000000
    96       dihedral       0 2 5 11       -0.0013155      0.0        0.0000131
    97       dihedral        1 2 5 3        0.0000000      0.0        0.0000000
    98       dihedral        1 2 5 4        0.0026311      0.0        0.0000523
    99       dihedral       1 2 5 11        0.0013155      0.0        0.0000131
   100       dihedral        8 2 5 3       -0.0013155      0.0        0.0000131
   101       dihedral        8 2 5 4        0.0013155      0.0        0.0000131
   102       dihedral       8 2 5 11        0.0000000      0.0        0.0000000
   103       dihedral        1 3 4 0        0.0000000      0.0        0.0000000
   104       dihedral        1 3 4 5       -0.0027432      0.0        0.0003168
   105       dihedral       1 3 4 10        0.0056661      0.0        0.0000945
   106       dihedral        5 3 4 0        0.0027432      0.0        0.0003168
   107       dihedral       5 3 4 10        0.0084093      0.1        0.0011115
   108       dihedral        9 3 4 0       -0.0056661      0.0        0.0000945
   109       dihedral        9 3 4 5       -0.0084093      0.1        0.0011115
   110       dihedral       9 3 4 10        0.0000000      0.0        0.0000000
   111       dihedral        1 3 5 2       -0.0000000      0.0        0.0000000
   112       dihedral        1 3 5 4       -0.0013750      0.0        0.0000794
   113       dihedral       1 3 5 11       -0.0341705      0.5        0.0101491
   114       dihedral        4 3 5 2        0.0013750      0.0        0.0000794
   115       dihedral       4 3 5 11       -0.0327955      0.4        0.0078464
   116       dihedral        9 3 5 2        0.0066782      0.1        0.0009730
   117       dihedral        9 3 5 4        0.0053032      0.0        0.0004664
   118       dihedral       9 3 5 11       -0.0274923      0.2        0.0041600
   119       dihedral        0 4 5 2        0.0000000      0.0        0.0000000
   120       dihedral        0 4 5 3        0.0013750      0.0        0.0000794
   121       dihedral       0 4 5 11        0.0341705      0.5        0.0101491
   122       dihedral        3 4 5 2       -0.0013750      0.0        0.0000794
   123       dihedral       3 4 5 11        0.0327955      0.4        0.0078464
   124       dihedral       10 4 5 2       -0.0066782      0.1        0.0009730
   125       dihedral       10 4 5 3       -0.0053032      0.0        0.0004664
   126       dihedral      10 4 5 11        0.0274923      0.2        0.0041600
                   Strain Energy (kcal/mol)  Deviation (%)
      Geometries     179.57598472                  -
 Red. Int. Modes      1.88913038               -98.95

 RIM No.       RIM type                    delta_q (au) Percentage    Energy (kcal/mol)
     1       bond                0 1       -0.0286024      3.8        0.0724520
     2       bond                0 2       -0.0344854      4.7        0.0882122
     3       bond                0 4       -0.0261297      3.5        0.0662281
     4       bond                0 6       -0.0380569      8.3        0.1572170
     5       bond                1 2       -0.0344854      4.7        0.0882122
     6       bond                1 3       -0.0261297      3.5        0.0662281
     7       bond                1 7       -0.0380569      8.3        0.1572170
     8       bond                2 5       -0.0398399      6.6        0.1241784
     9       bond                2 8       -0.0395533      9.0        0.1703857
    10       bond                3 4       -0.0286024      3.8        0.0724520
    11       bond                3 5       -0.0344854      4.7        0.0882122
    12       bond                3 9       -0.0380569      8.3        0.1572170
    13       bond                4 5       -0.0344854      4.7        0.0882122
    14       bond               4 10       -0.0380569      8.3        0.1572170
    15       bond               5 11       -0.0395533      9.0        0.1703857
    16       bond angle        0 1 2       -0.0011918      0.0        0.0000062
    17       bond angle        0 1 3        0.0000000      0.0        0.0000000
    18       bond angle        0 1 7        0.0057470      0.0        0.0005049
    19       bond angle        0 2 1        0.0023836      0.0        0.0000246
    20       bond angle        0 2 8        0.0274154      0.3        0.0057649
    21       bond angle        0 2 5        0.0023983      0.0        0.0002414
    22       bond angle       0 4 10       -0.0072161      0.0        0.0005441
    23       bond angle        0 4 3        0.0000000      0.0        0.0000000
    24       bond angle        0 4 5       -0.0023983      0.0        0.0002414
    25       bond angle        1 0 2       -0.0011918      0.0        0.0000062
    26       bond angle        1 0 4        0.0000000      0.0        0.0000000
    27       bond angle        1 0 6        0.0057470      0.0        0.0005049
    28       bond angle        1 2 8        0.0274154      0.3        0.0057649
    29       bond angle        1 2 5        0.0023983      0.0        0.0002414
    30       bond angle        1 3 9       -0.0072161      0.0        0.0005441
    31       bond angle        1 3 4        0.0000000      0.0        0.0000000
    32       bond angle        1 3 5       -0.0023983      0.0        0.0002414
    33       bond angle        2 0 4       -0.0023983      0.0        0.0002414
    34       bond angle        2 0 6        0.0079126      0.0        0.0009346
    35       bond angle        2 1 7        0.0079126      0.0        0.0009346
    36       bond angle        2 1 3       -0.0023983      0.0        0.0002414
    37       bond angle        2 5 4        0.0023983      0.0        0.0002414
    38       bond angle        2 5 3        0.0023983      0.0        0.0002414
    39       bond angle       2 5 11       -0.0398546      0.8        0.0157575
    40       bond angle        3 1 7       -0.0072161      0.0        0.0005441
    41       bond angle       3 4 10        0.0057470      0.0        0.0005049
    42       bond angle        3 4 5       -0.0011918      0.0        0.0000062
    43       bond angle       3 5 11        0.0274154      0.3        0.0057649
    44       bond angle        3 5 4        0.0023836      0.0        0.0000246
    45       bond angle        4 0 6       -0.0072161      0.0        0.0005441
    46       bond angle        4 3 9        0.0057470      0.0        0.0005049
    47       bond angle        4 3 5       -0.0011918      0.0        0.0000062
    48       bond angle       4 5 11        0.0274154      0.3        0.0057649
    49       bond angle        5 2 8       -0.0398546      0.8        0.0157575
    50       bond angle        5 3 9        0.0079126      0.0        0.0009346
    51       bond angle       5 4 10        0.0079126      0.0        0.0009346
    52       dihedral        2 0 1 3        0.0027716      0.0        0.0003221
    53       dihedral        2 0 1 7        0.0084585      0.1        0.0011257
    54       dihedral        4 0 1 2       -0.0027716      0.0        0.0003221
    55       dihedral        4 0 1 3        0.0000000      0.0        0.0000000
    56       dihedral        4 0 1 7        0.0056869      0.0        0.0000959
    57       dihedral        6 0 1 2       -0.0084585      0.1        0.0011257
    58       dihedral        6 0 1 3       -0.0056869      0.0        0.0000959
    59       dihedral        6 0 1 7        0.0000000      0.0        0.0000000
    60       dihedral        1 0 2 5        0.0013892      0.0        0.0000808
    61       dihedral        1 0 2 8       -0.0327199      0.4        0.0077776
    62       dihedral        4 0 2 1       -0.0013892      0.0        0.0000808
    63       dihedral        4 0 2 5        0.0000000      0.0        0.0000000
    64       dihedral        4 0 2 8       -0.0341091      0.5        0.0100908
    65       dihedral        6 0 2 1        0.0051635      0.0        0.0004489
    66       dihedral        6 0 2 5        0.0065527      0.1        0.0009506
    67       dihedral        6 0 2 8       -0.0275564      0.2        0.0041544
    68       dihedral        1 0 4 3        0.0000000      0.0        0.0000000
    69       dihedral        1 0 4 5        0.0011934      0.0        0.0000062
    70       dihedral       1 0 4 10        0.0005310      0.0        0.0000340
    71       dihedral        2 0 4 3       -0.0011934      0.0        0.0000062
    72       dihedral        2 0 4 5        0.0000000      0.0        0.0000000
    73       dihedral       2 0 4 10       -0.0006624     -0.0       -0.0000390
    74       dihedral        6 0 4 3       -0.0005310      0.0        0.0000340
    75       dihedral        6 0 4 5        0.0006624     -0.0       -0.0000390
    76       dihedral       6 0 4 10        0.0000000      0.0        0.0000000
    77       dihedral        0 1 2 5       -0.0013892      0.0        0.0000808
    78       dihedral        0 1 2 8        0.0327199      0.4        0.0077776
    79       dihedral        3 1 2 0        0.0013892      0.0        0.0000808
    80       dihedral        3 1 2 5        0.0000000      0.0        0.0000000
    81       dihedral        3 1 2 8        0.0341091      0.5        0.0100908
    82       dihedral        7 1 2 0       -0.0051635      0.0        0.0004489
    83       dihedral        7 1 2 5       -0.0065527      0.1        0.0009506
    84       dihedral        7 1 2 8        0.0275564      0.2        0.0041544
    85       dihedral        0 1 3 4        0.0000000      0.0        0.0000000
    86       dihedral        0 1 3 5       -0.0011934      0.0        0.0000062
    87       dihedral        0 1 3 9       -0.0005310      0.0        0.0000340
    88       dihedral        2 1 3 4        0.0011934      0.0        0.0000062
    89       dihedral        2 1 3 5        0.0000000      0.0        0.0000000
    90       dihedral        2 1 3 9        0.0006624     -0.0       -0.0000390
    91       dihedral        7 1 3 4        0.0005310      0.0        0.0000340
    92       dihedral        7 1 3 5       -0.0006624     -0.0       -0.0000390
    93       dihedral        7 1 3 9        0.0000000      0.0        0.0000000
    94       dihedral        0 2 5 3       -0.0023868      0.0        0.0000247
    95       dihedral        0 2 5 4        0.0000000      0.0        0.0000000
    96       dihedral       0 2 5 11       -0.0011934      0.0        0.0000062
    97       dihedral        1 2 5 3        0.0000000      0.0        0.0000000
    98       dihedral        1 2 5 4        0.0023868      0.0        0.0000247
    99       dihedral       1 2 5 11        0.0011934      0.0        0.0000062
   100       dihedral        8 2 5 3       -0.0011934      0.0        0.0000062
   101       dihedral        8 2 5 4        0.0011934      0.0        0.0000062
   102       dihedral       8 2 5 11        0.0000000      0.0        0.0000000
   103       dihedral        1 3 4 0        0.0000000      0.0        0.0000000
   104       dihedral        1 3 4 5       -0.0027716      0.0        0.0003221
   105       dihedral       1 3 4 10        0.0056869      0.0        0.0000959
   106       dihedral        5 3 4 0        0.0027716      0.0        0.0003221
   107       dihedral       5 3 4 10        0.0084585      0.1        0.0011257
   108       dihedral        9 3 4 0       -0.0056869      0.0        0.0000959
   109       dihedral        9 3 4 5       -0.0084585      0.1        0.0011257
   110       dihedral       9 3 4 10        0.0000000      0.0        0.0000000
   111       dihedral        1 3 5 2        0.0000000      0.0        0.0000000
   112       dihedral        1 3 5 4       -0.0013892      0.0        0.0000808
   113       dihedral       1 3 5 11       -0.0341091      0.5        0.0100908
   114       dihedral        4 3 5 2        0.0013892      0.0        0.0000808
   115       dihedral       4 3 5 11       -0.0327199      0.4        0.0077776
   116       dihedral        9 3 5 2        0.0065527      0.1        0.0009506
   117       dihedral        9 3 5 4        0.0051635      0.0        0.0004489
   118       dihedral       9 3 5 11       -0.0275564      0.2        0.0041544
   119       dihedral        0 4 5 2        0.0000000     -0.0       -0.0000000
   120       dihedral        0 4 5 3        0.0013892      0.0        0.0000808
   121       dihedral       0 4 5 11        0.0341091      0.5        0.0100908
   122       dihedral        3 4 5 2       -0.0013892      0.0        0.0000808
   123       dihedral       3 4 5 11        0.0327199      0.4        0.0077776
   124       dihedral       10 4 5 2       -0.0065527      0.1        0.0009506
   125       dihedral       10 4 5 3       -0.0051635      0.0        0.0004489
   126       dihedral      10 4 5 11        0.0275564      0.2        0.0041544
