                   Strain Energy (kcal/mol)  Deviation (%)
      Geometries     211.67836031                  -
 Red. Int. Modes      3.54986853               -98.32

 RIM No.       RIM type                    delta_q (au) Percentage    Energy (kcal/mol)
     1       bond                0 1       -0.0487923      5.0        0.1762500
     2       bond                0 2       -0.0472870      3.9        0.1393842
     3       bond                0 6       -0.0452862      6.0        0.2145372
     4       bond                0 7       -0.0380509      4.5        0.1600110
     5       bond                1 3       -0.0291435      2.6        0.0920219
     6       bond                1 8       -0.0398419      4.7        0.1665669
     7       bond                1 9       -0.0456704      6.0        0.2127355
     8       bond                2 3       -0.0246840      2.1        0.0746139
     9       bond                2 4       -0.0319143      2.7        0.0958863
    10       bond               2 10       -0.0406949      4.9        0.1724055
    11       bond                3 5       -0.0488109      4.4        0.1560591
    12       bond               3 11       -0.0409867      4.9        0.1748416
    13       bond                4 5       -0.0438487      4.6        0.1619063
    14       bond               4 12       -0.0433222      5.5        0.1935484
    15       bond               4 13       -0.0421444      5.2        0.1836941
    16       bond               5 14       -0.0436803      5.6        0.1977289
    17       bond               5 15       -0.0406284      5.0        0.1768520
    18       bond angle        0 1 9        0.0020364      0.0        0.0000972
    19       bond angle        0 1 8        0.0060587     -0.0       -0.0007867
    20       bond angle        0 1 3        0.0076693      0.0        0.0009196
    21       bond angle        0 2 4        0.0525955      1.3        0.0452463
    22       bond angle        0 2 3        0.0051940     -0.0       -0.0008727
    23       bond angle       0 2 10        0.0009581     -0.0       -0.0002735
    24       bond angle        1 0 2        0.0059786      0.0        0.0006122
    25       bond angle        1 0 6        0.0297753      0.0        0.0004945
    26       bond angle        1 0 7       -0.0103071     -0.1       -0.0019140
    27       bond angle        1 3 5        0.0363935      0.8        0.0282605
    28       bond angle        1 3 2       -0.0086528      0.0        0.0002894
    29       bond angle       1 3 11       -0.0302674      0.3        0.0117151
    30       bond angle        2 0 6        0.0535572      0.7        0.0257302
    31       bond angle        2 0 7       -0.0426564      0.4        0.0124343
    32       bond angle        2 3 5        0.0069765     -0.0       -0.0013833
    33       bond angle       2 3 11       -0.0223831     -0.0       -0.0004111
    34       bond angle       2 4 12        0.0245818      0.4        0.0124947
    35       bond angle        2 4 5        0.0082148     -0.0       -0.0001532
    36       bond angle       2 4 13        0.0099839      0.0        0.0006650
    37       bond angle        3 1 9        0.0047700      0.0        0.0016021
    38       bond angle        3 1 8        0.0027023     -0.0       -0.0007343
    39       bond angle       3 2 10       -0.0422985      0.2        0.0058453
    40       bond angle        3 2 4       -0.0090415      0.0        0.0003636
    41       bond angle        3 5 4        0.0034321      0.0        0.0008939
    42       bond angle       3 5 14        0.0382471      0.4        0.0143184
    43       bond angle       3 5 15       -0.0095505      0.0        0.0007700
    44       bond angle       4 2 10       -0.0150702      0.1        0.0027200
    45       bond angle       4 5 14        0.0054597     -0.0       -0.0011795
    46       bond angle       4 5 15       -0.0197980      0.1        0.0035767
    47       bond angle       5 3 11        0.0164746     -0.0       -0.0015883
    48       bond angle       5 4 13       -0.0009370      0.0        0.0001482
    49       bond angle       5 4 12       -0.0134409      0.1        0.0019036
    50       bond angle        6 0 7       -0.0302498      0.3        0.0117949
    51       bond angle        8 1 9       -0.0180725      0.0        0.0015994
    52       bond angle      12 4 13       -0.0224372      0.1        0.0047231
    53       bond angle      14 5 15       -0.0143480      0.0        0.0014987
    54       dihedral        2 0 1 3       -0.0862217      0.2        0.0082681
    55       dihedral        2 0 1 8       -0.0938834     -0.5       -0.0161856
    56       dihedral        2 0 1 9       -0.0755412     -0.8       -0.0285060
    57       dihedral        6 0 1 3       -0.1593393      3.1        0.1111404
    58       dihedral        6 0 1 8       -0.1670010      2.0        0.0716789
    59       dihedral        6 0 1 9       -0.1486588      0.9        0.0333377
    60       dihedral        7 0 1 3       -0.1333448      1.2        0.0434281
    61       dihedral        7 0 1 8       -0.1410065      0.2        0.0080921
    62       dihedral        7 0 1 9       -0.1226643     -0.5       -0.0181014
    63       dihedral        1 0 2 3        0.0845901      0.2        0.0084951
    64       dihedral        1 0 2 4        0.0932998      0.6        0.0225793
    65       dihedral       1 0 2 10        0.0387379     -0.3       -0.0101786
    66       dihedral        6 0 2 3        0.1366992      1.1        0.0391024
    67       dihedral        6 0 2 4        0.1454089      1.8        0.0621809
    68       dihedral       6 0 2 10        0.0908470     -0.2       -0.0070076
    69       dihedral        7 0 2 3        0.1029535     -0.3       -0.0093678
    70       dihedral        7 0 2 4        0.1116632      0.2        0.0056491
    71       dihedral       7 0 2 10        0.0571013     -0.7       -0.0259339
    72       dihedral        0 1 3 2        0.0852370      0.2        0.0079668
    73       dihedral        0 1 3 5        0.0884157     -0.4       -0.0128657
    74       dihedral       0 1 3 11        0.1288434      0.9        0.0331047
    75       dihedral        8 1 3 2        0.0959812     -0.1       -0.0043588
    76       dihedral        8 1 3 5        0.0991599     -0.8       -0.0282004
    77       dihedral       8 1 3 11        0.1395876      0.5        0.0164794
    78       dihedral        9 1 3 2        0.0771133     -0.3       -0.0096021
    79       dihedral        9 1 3 5        0.0802919     -0.8       -0.0291861
    80       dihedral       9 1 3 11        0.1207196      0.1        0.0047022
    81       dihedral        0 2 3 1       -0.0853737      0.3        0.0099253
    82       dihedral        0 2 3 5       -0.1218545      3.1        0.1090323
    83       dihedral       0 2 3 11       -0.1391050      2.5        0.0875832
    84       dihedral        4 2 3 1       -0.0326496     -0.7       -0.0243707
    85       dihedral        4 2 3 5       -0.0691304      0.1        0.0022180
    86       dihedral       4 2 3 11       -0.0863809     -0.6       -0.0201328
    87       dihedral       10 2 3 1       -0.0751953     -0.9       -0.0317323
    88       dihedral       10 2 3 5       -0.1116761      1.1        0.0398146
    89       dihedral      10 2 3 11       -0.1289266      0.3        0.0117792
    90       dihedral        0 2 4 5        0.0696903     -0.4       -0.0137002
    91       dihedral       0 2 4 12        0.0731041     -0.3       -0.0123482
    92       dihedral       0 2 4 13        0.0744309     -0.8       -0.0272597
    93       dihedral        3 2 4 5        0.0691178      0.0        0.0010406
    94       dihedral       3 2 4 12        0.0725317      0.1        0.0030993
    95       dihedral       3 2 4 13        0.0738584     -0.3       -0.0114185
    96       dihedral       10 2 4 5        0.1310287      1.1        0.0373392
    97       dihedral      10 2 4 12        0.1344425      1.2        0.0420326
    98       dihedral      10 2 4 13        0.1357693      0.4        0.0156562
    99       dihedral        1 3 5 4        0.0754364      0.3        0.0115141
   100       dihedral       1 3 5 14        0.0931707      0.3        0.0120186
   101       dihedral       1 3 5 15        0.0982304      0.7        0.0235652
   102       dihedral        2 3 5 4        0.0685000      0.0        0.0005708
   103       dihedral       2 3 5 14        0.0862343     -0.0       -0.0013198
   104       dihedral       2 3 5 15        0.0912941      0.2        0.0087274
   105       dihedral       11 3 5 4        0.0524173     -0.2       -0.0065459
   106       dihedral      11 3 5 14        0.0701517     -0.3       -0.0104188
   107       dihedral      11 3 5 15        0.0752114     -0.1       -0.0028292
   108       dihedral        2 4 5 3       -0.0697321      0.0        0.0005194
   109       dihedral       2 4 5 14       -0.1163601      1.7        0.0599494
   110       dihedral       2 4 5 15       -0.0834109      0.0        0.0006569
   111       dihedral       12 4 5 3       -0.0405007     -0.6       -0.0214536
   112       dihedral      12 4 5 14       -0.0871287     -0.1       -0.0019127
   113       dihedral      12 4 5 15       -0.0541794     -0.8       -0.0286763
   114       dihedral       13 4 5 3       -0.0842762      0.1        0.0035691
   115       dihedral      13 4 5 14       -0.1309042      2.0        0.0720113
   116       dihedral      13 4 5 15       -0.0979549      0.1        0.0041902
                   Strain Energy (kcal/mol)  Deviation (%)
      Geometries     292.64579302                  -
 Red. Int. Modes      1.26083435               -99.57

 RIM No.       RIM type                    delta_q (au) Percentage    Energy (kcal/mol)
     1       bond                0 1       -0.0436416     10.2        0.1287805
     2       bond                0 2       -0.0395859     10.3        0.1293016
     3       bond                0 6       -0.0048289      0.2        0.0028930
     4       bond                0 7        0.0000762     -0.0       -0.0000170
     5       bond                1 3       -0.0375251      9.9        0.1247488
     6       bond                1 8        0.0004969     -0.0       -0.0001156
     7       bond                1 9       -0.0045387      0.2        0.0027867
     8       bond                2 3       -0.0237842      5.4        0.0676060
     9       bond                2 4       -0.0383051     10.4        0.1305298
    10       bond               2 10        0.0031695      0.1        0.0011167
    11       bond                3 5       -0.0396111     10.5        0.1317934
    12       bond               3 11        0.0032016      0.1        0.0011785
    13       bond                4 5       -0.0422181      9.7        0.1228550
    14       bond               4 12       -0.0045852      0.2        0.0028910
    15       bond               4 13        0.0004559     -0.0       -0.0000848
    16       bond               5 14       -0.0047007      0.2        0.0027960
    17       bond               5 15        0.0002411     -0.0       -0.0000534
    18       bond angle        0 1 9        0.0110193      0.0        0.0001210
    19       bond angle        0 1 8        0.0073243      0.1        0.0009959
    20       bond angle        0 1 3        0.0059755      0.0        0.0003065
    21       bond angle        0 2 4       -0.0434768      3.7        0.0462954
    22       bond angle        0 2 3       -0.0004160      0.0        0.0000101
    23       bond angle       0 2 10        0.0174362      0.7        0.0084451
    24       bond angle        1 0 2        0.0029150     -0.0       -0.0000038
    25       bond angle        1 0 6        0.0188388      0.1        0.0015942
    26       bond angle        1 0 7       -0.0050946     -0.0       -0.0002528
    27       bond angle        1 3 5       -0.0420836      3.6        0.0452580
    28       bond angle        1 3 2       -0.0047491      0.0        0.0001215
    29       bond angle       1 3 11        0.0119560      0.4        0.0056224
    30       bond angle        2 0 6        0.0106595      0.1        0.0014211
    31       bond angle        2 0 7        0.0064029      0.0        0.0003257
    32       bond angle        2 3 5       -0.0013656      0.0        0.0000640
    33       bond angle       2 3 11        0.0132333     -0.1       -0.0010145
    34       bond angle       2 4 12        0.0035473      0.0        0.0004612
    35       bond angle        2 4 5        0.0047782      0.0        0.0001079
    36       bond angle       2 4 13        0.0154661      0.1        0.0009990
    37       bond angle        3 1 9        0.0047999      0.1        0.0006716
    38       bond angle        3 1 8        0.0127239      0.0        0.0004045
    39       bond angle       3 2 10        0.0131543     -0.1       -0.0013018
    40       bond angle        3 2 4       -0.0031565     -0.0       -0.0000298
    41       bond angle        3 5 4        0.0037750      0.0        0.0000506
    42       bond angle       3 5 14        0.0138353      0.2        0.0021465
    43       bond angle       3 5 15        0.0041074      0.0        0.0001448
    44       bond angle       4 2 10        0.0100891      0.3        0.0043334
    45       bond angle       4 5 14        0.0207017      0.1        0.0013918
    46       bond angle       4 5 15       -0.0073628     -0.0       -0.0003932
    47       bond angle       5 3 11        0.0159296      0.6        0.0075158
    48       bond angle       5 4 13        0.0053068      0.0        0.0005979
    49       bond angle       5 4 12        0.0122589      0.1        0.0006314
    50       bond angle        6 0 7       -0.0268232      0.5        0.0067897
    51       bond angle        8 1 9       -0.0330232      0.8        0.0096093
    52       bond angle      12 4 13       -0.0326783      0.8        0.0098800
    53       bond angle      14 5 15       -0.0278168      0.6        0.0071666
    54       dihedral        2 0 1 3       -0.0200110     -0.0       -0.0001943
    55       dihedral        2 0 1 8       -0.0381984      0.2        0.0028165
    56       dihedral        2 0 1 9       -0.0075532     -0.1       -0.0015492
    57       dihedral        6 0 1 3       -0.0385732      0.5        0.0062104
    58       dihedral        6 0 1 8       -0.0567607      1.1        0.0138751
    59       dihedral        6 0 1 9       -0.0261155     -0.1       -0.0008979
    60       dihedral        7 0 1 3       -0.0125758     -0.1       -0.0009855
    61       dihedral        7 0 1 8       -0.0307633      0.0        0.0001564
    62       dihedral        7 0 1 9       -0.0001181     -0.0       -0.0000323
    63       dihedral        1 0 2 3        0.0200251      0.0        0.0001823
    64       dihedral        1 0 2 4        0.0226386     -0.0       -0.0003229
    65       dihedral       1 0 2 10        0.0416694      0.2        0.0020240
    66       dihedral        6 0 2 3        0.0453956      0.5        0.0061383
    67       dihedral        6 0 2 4        0.0480091      0.4        0.0053698
    68       dihedral       6 0 2 10        0.0670400      0.9        0.0117110
    69       dihedral        7 0 2 3        0.0226618     -0.1       -0.0013288
    70       dihedral        7 0 2 4        0.0252753     -0.2       -0.0020727
    71       dihedral       7 0 2 10        0.0443062     -0.1       -0.0008493
    72       dihedral        0 1 3 2        0.0202070      0.0        0.0001300
    73       dihedral        0 1 3 5        0.0170435     -0.1       -0.0008471
    74       dihedral       0 1 3 11        0.0022465     -0.0       -0.0001843
    75       dihedral        8 1 3 2        0.0336073      0.5        0.0062299
    76       dihedral        8 1 3 5        0.0304438      0.3        0.0039344
    77       dihedral       8 1 3 11        0.0156468      0.1        0.0015162
    78       dihedral        9 1 3 2        0.0026737     -0.0       -0.0002003
    79       dihedral        9 1 3 5       -0.0004898      0.0        0.0000642
    80       dihedral       9 1 3 11       -0.0152868      0.2        0.0024975
    81       dihedral        0 2 3 1       -0.0203507     -0.0       -0.0000962
    82       dihedral        0 2 3 5        0.0216328      1.9        0.0233544
    83       dihedral       0 2 3 11       -0.0027321     -0.1       -0.0015065
    84       dihedral        4 2 3 1       -0.0637660      5.4        0.0676124
    85       dihedral        4 2 3 5       -0.0217825     -0.0       -0.0003165
    86       dihedral       4 2 3 11       -0.0461474      1.9        0.0237039
    87       dihedral       10 2 3 1       -0.0473008      2.1        0.0259123
    88       dihedral       10 2 3 5       -0.0053173     -0.2       -0.0028024
    89       dihedral      10 2 3 11       -0.0296822      0.0        0.0000343
    90       dihedral        0 2 4 5        0.0203180     -0.0       -0.0002487
    91       dihedral       0 2 4 12        0.0023953     -0.0       -0.0002910
    92       dihedral       0 2 4 13        0.0314700      0.3        0.0042163
    93       dihedral        3 2 4 5        0.0216895      0.0        0.0000081
    94       dihedral       3 2 4 12        0.0037668     -0.0       -0.0004101
    95       dihedral       3 2 4 13        0.0328415      0.4        0.0048144
    96       dihedral       10 2 4 5        0.0035364     -0.0       -0.0002385
    97       dihedral      10 2 4 12       -0.0143863      0.2        0.0025415
    98       dihedral      10 2 4 13        0.0146884      0.1        0.0011574
    99       dihedral        1 3 5 4        0.0263589      0.1        0.0008255
   100       dihedral       1 3 5 14        0.0549972      0.7        0.0082287
   101       dihedral       1 3 5 15        0.0316702     -0.1       -0.0014168
   102       dihedral        2 3 5 4        0.0215225      0.0        0.0000830
   103       dihedral       2 3 5 14        0.0501608      0.5        0.0061276
   104       dihedral       2 3 5 15        0.0268337     -0.2       -0.0019373
   105       dihedral       11 3 5 4        0.0421527      0.2        0.0022193
   106       dihedral      11 3 5 14        0.0707909      1.0        0.0121020
   107       dihedral      11 3 5 15        0.0474639     -0.1       -0.0011107
   108       dihedral        2 4 5 3       -0.0215118     -0.0       -0.0003930
   109       dihedral       2 4 5 14       -0.0445652      0.6        0.0080217
   110       dihedral       2 4 5 15       -0.0167722     -0.1       -0.0013094
   111       dihedral       12 4 5 3       -0.0108500     -0.2       -0.0021379
   112       dihedral      12 4 5 14       -0.0339034      0.0        0.0000417
   113       dihedral      12 4 5 15       -0.0061105     -0.1       -0.0015694
   114       dihedral       13 4 5 3       -0.0417886      0.3        0.0035160
   115       dihedral      13 4 5 14       -0.0648421      1.5        0.0183119
   116       dihedral      13 4 5 15       -0.0370491      0.1        0.0009017
