                   Strain Energy (kcal/mol)  Deviation (%)
      Geometries     12.10316673                  -
 Red. Int. Modes     11.06199866                -8.60

 RIM No.       RIM type                    delta_q (au) Percentage    Energy (kcal/mol)
     1       bond                0 1       -0.1153837      9.4        1.0439084
     2       bond                0 2       -0.1089444      9.7        1.0783317
     3       bond                0 6       -0.0585606      3.3        0.3658394
     4       bond                0 7       -0.0584043      3.3        0.3634385
     5       bond                1 3       -0.1146465     10.1        1.1200116
     6       bond                1 8       -0.0579027      3.2        0.3594678
     7       bond                1 9       -0.0583438      3.3        0.3648103
     8       bond                2 3       -0.0838086      6.2        0.6895664
     9       bond                2 4       -0.1156407     10.2        1.1288149
    10       bond               2 10       -0.0589025      3.3        0.3669434
    11       bond                3 5       -0.1094805      9.8        1.0786580
    12       bond               3 11       -0.0589595      3.3        0.3661039
    13       bond                4 5       -0.1159363      9.5        1.0511599
    14       bond               4 12       -0.0582260      3.3        0.3632138
    15       bond               4 13       -0.0579601      3.3        0.3622283
    16       bond               5 14       -0.0586335      3.3        0.3676434
    17       bond               5 15       -0.0583510      3.3        0.3652331
    18       bond angle        0 1 9        0.0176779     -0.0       -0.0019292
    19       bond angle        0 1 8       -0.0089752     -0.0       -0.0008115
    20       bond angle        0 1 3       -0.0024527     -0.0       -0.0000613
    21       bond angle        0 2 4       -0.0225874      0.2        0.0189018
    22       bond angle        0 2 3       -0.0158975      0.0        0.0042023
    23       bond angle       0 2 10        0.0046472      0.0        0.0022815
    24       bond angle        1 0 2        0.0065782      0.0        0.0019196
    25       bond angle        1 0 6        0.0021390     -0.0       -0.0003281
    26       bond angle        1 0 7        0.0093336     -0.0       -0.0002685
    27       bond angle        1 3 5       -0.0230917      0.2        0.0195678
    28       bond angle        1 3 2       -0.0029263      0.0        0.0001565
    29       bond angle       1 3 11        0.0198100      0.1        0.0070826
    30       bond angle        2 0 6       -0.0052832      0.0        0.0004096
    31       bond angle        2 0 7        0.0139421     -0.0       -0.0015544
    32       bond angle        2 3 5       -0.0167935      0.0        0.0047745
    33       bond angle       2 3 11        0.0074836      0.0        0.0002126
    34       bond angle       2 4 12        0.0124624     -0.0       -0.0004054
    35       bond angle        2 4 5       -0.0029937     -0.0       -0.0000748
    36       bond angle       2 4 13       -0.0032740     -0.0       -0.0000678
    37       bond angle        3 1 9        0.0120826     -0.0       -0.0001509
    38       bond angle        3 1 8       -0.0028826     -0.0       -0.0000461
    39       bond angle       3 2 10        0.0090385      0.0        0.0002474
    40       bond angle        3 2 4       -0.0024131      0.0        0.0001030
    41       bond angle        3 5 4        0.0071574      0.0        0.0021362
    42       bond angle       3 5 14       -0.0053597      0.0        0.0004349
    43       bond angle       3 5 15        0.0128223     -0.0       -0.0014011
    44       bond angle       4 2 10        0.0178886      0.1        0.0060107
    45       bond angle       4 5 14        0.0037021     -0.0       -0.0005129
    46       bond angle       4 5 15        0.0080862     -0.0       -0.0002575
    47       bond angle       5 3 11        0.0049794      0.0        0.0024689
    48       bond angle       5 4 13       -0.0084668     -0.0       -0.0007633
    49       bond angle       5 4 12        0.0190223     -0.0       -0.0019699
    50       bond angle        6 0 7       -0.0210812     -0.0       -0.0017300
    51       bond angle        8 1 9       -0.0133778      0.0        0.0000253
    52       bond angle      12 4 13       -0.0145243     -0.0       -0.0000949
    53       bond angle      14 5 15       -0.0208068     -0.0       -0.0014343
    54       dihedral        2 0 1 3        0.0579787      0.0        0.0025399
    55       dihedral        2 0 1 8        0.0638546     -0.0       -0.0001215
    56       dihedral        2 0 1 9        0.0758765      0.0        0.0009578
    57       dihedral        6 0 1 3        0.0599370      0.0        0.0008746
    58       dihedral        6 0 1 8        0.0658129     -0.0       -0.0020480
    59       dihedral        6 0 1 9        0.0778348     -0.0       -0.0012914
    60       dihedral        7 0 1 3        0.0795897      0.0        0.0048960
    61       dihedral        7 0 1 8        0.0854656      0.0        0.0013507
    62       dihedral        7 0 1 9        0.0974875      0.0        0.0029569
    63       dihedral        1 0 2 3       -0.0550909     -0.0       -0.0008644
    64       dihedral        1 0 2 4       -0.0460429     -0.1       -0.0076394
    65       dihedral       1 0 2 10       -0.0525186     -0.0       -0.0031525
    66       dihedral        6 0 2 3       -0.0506971      0.0        0.0014321
    67       dihedral        6 0 2 4       -0.0416491     -0.0       -0.0050804
    68       dihedral       6 0 2 10       -0.0481248     -0.0       -0.0007742
    69       dihedral        7 0 2 3       -0.0727999      0.1        0.0055842
    70       dihedral        7 0 2 4       -0.0637519     -0.0       -0.0046872
    71       dihedral       7 0 2 10       -0.0702276      0.0        0.0022733
    72       dihedral        0 1 3 2       -0.0557341     -0.0       -0.0010458
    73       dihedral        0 1 3 5       -0.0751522      0.2        0.0235342
    74       dihedral       0 1 3 11       -0.0714608      0.1        0.0092964
    75       dihedral        8 1 3 2       -0.0672292     -0.1       -0.0089147
    76       dihedral        8 1 3 5       -0.0866473      0.2        0.0172702
    77       dihedral       8 1 3 11       -0.0829560      0.0        0.0013483
    78       dihedral        9 1 3 2       -0.0782857     -0.1       -0.0104526
    79       dihedral        9 1 3 5       -0.0977038      0.2        0.0193843
    80       dihedral       9 1 3 11       -0.0940125      0.0        0.0014418
    81       dihedral        0 2 3 1        0.0555315      0.0        0.0006532
    82       dihedral        0 2 3 5        0.0783606      0.6        0.0671198
    83       dihedral       0 2 3 11        0.0821075      0.3        0.0360441
    84       dihedral        4 2 3 1        0.0332119     -0.2       -0.0273051
    85       dihedral        4 2 3 5        0.0560410      0.0        0.0012688
    86       dihedral       4 2 3 11        0.0597879     -0.2       -0.0236117
    87       dihedral       10 2 3 1        0.0584539     -0.2       -0.0242204
    88       dihedral       10 2 3 5        0.0812830      0.3        0.0349874
    89       dihedral      10 2 3 11        0.0850299      0.0        0.0010947
    90       dihedral        0 2 4 5       -0.0744652      0.2        0.0221412
    91       dihedral       0 2 4 12       -0.0984164      0.2        0.0180253
    92       dihedral       0 2 4 13       -0.0857024      0.1        0.0156868
    93       dihedral        3 2 4 5       -0.0562770     -0.0       -0.0003318
    94       dihedral       3 2 4 12       -0.0802282     -0.1       -0.0096337
    95       dihedral       3 2 4 13       -0.0675141     -0.1       -0.0081148
    96       dihedral       10 2 4 5       -0.0734087      0.1        0.0102619
    97       dihedral      10 2 4 12       -0.0973599      0.0        0.0024933
    98       dihedral      10 2 4 13       -0.0846459      0.0        0.0021580
    99       dihedral        1 3 5 4       -0.0456275     -0.1       -0.0080491
   100       dihedral       1 3 5 14       -0.0392397     -0.1       -0.0059112
   101       dihedral       1 3 5 15       -0.0619932     -0.0       -0.0051280
   102       dihedral        2 3 5 4       -0.0556177     -0.0       -0.0002289
   103       dihedral       2 3 5 14       -0.0492299      0.0        0.0010659
   104       dihedral       2 3 5 15       -0.0719834      0.1        0.0064480
   105       dihedral       11 3 5 4       -0.0553148     -0.0       -0.0022138
   106       dihedral      11 3 5 14       -0.0489270     -0.0       -0.0006974
   107       dihedral      11 3 5 15       -0.0716805      0.0        0.0038470
   108       dihedral        2 4 5 3        0.0585789      0.0        0.0032865
   109       dihedral       2 4 5 14        0.0599572      0.0        0.0014551
   110       dihedral       2 4 5 15        0.0789553      0.1        0.0062974
   111       dihedral       12 4 5 3        0.0770372      0.0        0.0002398
   112       dihedral      12 4 5 14        0.0784154     -0.0       -0.0022523
   113       dihedral      12 4 5 15        0.0974135      0.0        0.0026076
   114       dihedral       13 4 5 3        0.0650521      0.0        0.0003282
   115       dihedral      13 4 5 14        0.0664303     -0.0       -0.0017797
   116       dihedral      13 4 5 15        0.0854284      0.0        0.0024518
