                   Strain Energy (kcal/mol)  Deviation (%)
      Geometries     33.97417328                  -
 Red. Int. Modes      4.48558749               -86.80

 RIM No.       RIM type                    delta_q (au) Percentage    Energy (kcal/mol)
     1       bond                0 1       -0.0513128      8.5        0.3803941
     2       bond                0 5       -0.0513128      8.5        0.3803942
     3       bond                0 6       -0.0551038      8.2        0.3664452
     4       bond                1 2       -0.0102156      0.7        0.0304630
     5       bond                1 7       -0.0342814      2.7        0.1217527
     6       bond                2 3       -0.0513128      8.5        0.3803941
     7       bond                2 8       -0.0342814      2.7        0.1217528
     8       bond                3 4       -0.0513128      8.5        0.3803940
     9       bond                3 9       -0.0551038      8.2        0.3664450
    10       bond                4 5       -0.0102156      0.7        0.0304630
    11       bond               4 10       -0.0342814      2.7        0.1217526
    12       bond               5 11       -0.0342814      2.7        0.1217529
    13       bond angle        1 0 5        0.0812207      7.7        0.3435827
    14       bond angle        1 0 6       -0.0406104      1.9        0.0858957
    15       bond angle        5 0 6       -0.0406104      1.9        0.0858956
    16       bond angle        0 1 2       -0.0406104      1.9        0.0858957
    17       bond angle        2 1 7        0.0464271      1.8        0.0795499
    18       bond angle        0 1 7       -0.0058168     -0.1       -0.0023365
    19       bond angle        1 2 3       -0.0406104      1.9        0.0858957
    20       bond angle        1 2 8        0.0464271      1.8        0.0795498
    21       bond angle        3 2 8       -0.0058168     -0.1       -0.0023365
    22       bond angle        2 3 4        0.0812207      7.7        0.3435827
    23       bond angle        2 3 9       -0.0406104      1.9        0.0858956
    24       bond angle        4 3 9       -0.0406104      1.9        0.0858957
    25       bond angle        3 4 5       -0.0406104      1.9        0.0858957
    26       bond angle       5 4 10        0.0464271      1.8        0.0795499
    27       bond angle       3 4 10       -0.0058168     -0.1       -0.0023365
    28       bond angle        0 5 4       -0.0406104      1.9        0.0858956
    29       bond angle       0 5 11       -0.0058168     -0.1       -0.0023365
    30       bond angle       4 5 11        0.0464271      1.8        0.0795498
    31       dihedral        5 0 1 2        0.0000000      0.0        0.0000000
    32       dihedral        5 0 1 7       -0.0000002      0.0        0.0000000
    33       dihedral        6 0 1 2        0.0000002      0.0        0.0000000
    34       dihedral        6 0 1 7       -0.0000000     -0.0       -0.0000000
    35       dihedral        1 0 5 4       -0.0000000      0.0        0.0000000
    36       dihedral       1 0 5 11        0.0000001      0.0        0.0000000
    37       dihedral        6 0 5 4       -0.0000002      0.0        0.0000000
    38       dihedral       6 0 5 11       -0.0000000      0.0        0.0000000
    39       dihedral        0 1 2 3       -0.0000000      0.0        0.0000000
    40       dihedral        0 1 2 8        0.0000002      0.0        0.0000000
    41       dihedral        7 1 2 3        0.0000002      0.0        0.0000000
    42       dihedral        7 1 2 8        0.0000003      0.0        0.0000000
    43       dihedral        1 2 3 4        0.0000000     -0.0       -0.0000000
    44       dihedral        1 2 3 9        0.0000002      0.0        0.0000000
    45       dihedral        8 2 3 4       -0.0000001      0.0        0.0000000
    46       dihedral        8 2 3 9        0.0000000      0.0        0.0000000
    47       dihedral        2 3 4 5       -0.0000000     -0.0       -0.0000000
    48       dihedral       2 3 4 10        0.0000002      0.0        0.0000000
    49       dihedral        9 3 4 5       -0.0000002      0.0        0.0000000
    50       dihedral       9 3 4 10        0.0000000     -0.0       -0.0000000
    51       dihedral        3 4 5 0        0.0000000      0.0        0.0000000
    52       dihedral       3 4 5 11       -0.0000002      0.0        0.0000000
    53       dihedral       10 4 5 0       -0.0000002      0.0        0.0000000
    54       dihedral      10 4 5 11       -0.0000003      0.0        0.0000000
                   Strain Energy (kcal/mol)  Deviation (%)
      Geometries     33.97417328                  -
 Red. Int. Modes      4.48558749               -86.80

 RIM No.       RIM type                    delta_q (au) Percentage    Energy (kcal/mol)
     1       bond                0 1       -0.0513128      8.5        0.3803941
     2       bond                0 5       -0.0513128      8.5        0.3803942
     3       bond                0 6       -0.0551038      8.2        0.3664452
     4       bond                1 2       -0.0102156      0.7        0.0304630
     5       bond                1 7       -0.0342814      2.7        0.1217527
     6       bond                2 3       -0.0513128      8.5        0.3803941
     7       bond                2 8       -0.0342814      2.7        0.1217528
     8       bond                3 4       -0.0513128      8.5        0.3803940
     9       bond                3 9       -0.0551038      8.2        0.3664450
    10       bond                4 5       -0.0102156      0.7        0.0304630
    11       bond               4 10       -0.0342814      2.7        0.1217526
    12       bond               5 11       -0.0342814      2.7        0.1217529
    13       bond angle        1 0 5        0.0812207      7.7        0.3435827
    14       bond angle        1 0 6       -0.0406104      1.9        0.0858957
    15       bond angle        5 0 6       -0.0406104      1.9        0.0858956
    16       bond angle        0 1 2       -0.0406104      1.9        0.0858957
    17       bond angle        2 1 7        0.0464271      1.8        0.0795499
    18       bond angle        0 1 7       -0.0058168     -0.1       -0.0023365
    19       bond angle        1 2 3       -0.0406104      1.9        0.0858957
    20       bond angle        1 2 8        0.0464271      1.8        0.0795498
    21       bond angle        3 2 8       -0.0058168     -0.1       -0.0023365
    22       bond angle        2 3 4        0.0812207      7.7        0.3435827
    23       bond angle        2 3 9       -0.0406104      1.9        0.0858956
    24       bond angle        4 3 9       -0.0406104      1.9        0.0858957
    25       bond angle        3 4 5       -0.0406104      1.9        0.0858957
    26       bond angle       5 4 10        0.0464271      1.8        0.0795499
    27       bond angle       3 4 10       -0.0058168     -0.1       -0.0023365
    28       bond angle        0 5 4       -0.0406104      1.9        0.0858956
    29       bond angle       0 5 11       -0.0058168     -0.1       -0.0023365
    30       bond angle       4 5 11        0.0464271      1.8        0.0795498
    31       dihedral        5 0 1 2        0.0000000      0.0        0.0000000
    32       dihedral        5 0 1 7       -0.0000002      0.0        0.0000000
    33       dihedral        6 0 1 2        0.0000002      0.0        0.0000000
    34       dihedral        6 0 1 7       -0.0000000     -0.0       -0.0000000
    35       dihedral        1 0 5 4       -0.0000000      0.0        0.0000000
    36       dihedral       1 0 5 11        0.0000001      0.0        0.0000000
    37       dihedral        6 0 5 4       -0.0000002      0.0        0.0000000
    38       dihedral       6 0 5 11       -0.0000000      0.0        0.0000000
    39       dihedral        0 1 2 3       -0.0000000      0.0        0.0000000
    40       dihedral        0 1 2 8        0.0000002      0.0        0.0000000
    41       dihedral        7 1 2 3        0.0000002      0.0        0.0000000
    42       dihedral        7 1 2 8        0.0000003      0.0        0.0000000
    43       dihedral        1 2 3 4        0.0000000     -0.0       -0.0000000
    44       dihedral        1 2 3 9        0.0000002      0.0        0.0000000
    45       dihedral        8 2 3 4       -0.0000001      0.0        0.0000000
    46       dihedral        8 2 3 9        0.0000000      0.0        0.0000000
    47       dihedral        2 3 4 5       -0.0000000     -0.0       -0.0000000
    48       dihedral       2 3 4 10        0.0000002      0.0        0.0000000
    49       dihedral        9 3 4 5       -0.0000002      0.0        0.0000000
    50       dihedral       9 3 4 10        0.0000000     -0.0       -0.0000000
    51       dihedral        3 4 5 0        0.0000000      0.0        0.0000000
    52       dihedral       3 4 5 11       -0.0000002      0.0        0.0000000
    53       dihedral       10 4 5 0       -0.0000002      0.0        0.0000000
    54       dihedral      10 4 5 11       -0.0000003      0.0        0.0000000
                   Strain Energy (kcal/mol)  Deviation (%)
      Geometries     33.97417328                  -
 Red. Int. Modes      4.48558749               -86.80

 RIM No.       RIM type                    delta_q (au) Percentage    Energy (kcal/mol)
     1       bond                0 1       -0.0513128      8.5        0.3803941
     2       bond                0 5       -0.0513128      8.5        0.3803942
     3       bond                0 6       -0.0551038      8.2        0.3664452
     4       bond                1 2       -0.0102156      0.7        0.0304630
     5       bond                1 7       -0.0342814      2.7        0.1217527
     6       bond                2 3       -0.0513128      8.5        0.3803941
     7       bond                2 8       -0.0342814      2.7        0.1217528
     8       bond                3 4       -0.0513128      8.5        0.3803940
     9       bond                3 9       -0.0551038      8.2        0.3664450
    10       bond                4 5       -0.0102156      0.7        0.0304630
    11       bond               4 10       -0.0342814      2.7        0.1217526
    12       bond               5 11       -0.0342814      2.7        0.1217529
    13       bond angle        0 1 2       -0.0406104      1.9        0.0858957
    14       bond angle        0 1 7       -0.0058168     -0.1       -0.0023365
    15       bond angle       0 5 11       -0.0058168     -0.1       -0.0023365
    16       bond angle        0 5 4       -0.0406104      1.9        0.0858956
    17       bond angle        1 0 5        0.0812207      7.7        0.3435827
    18       bond angle        1 0 6       -0.0406104      1.9        0.0858957
    19       bond angle        1 2 8        0.0464271      1.8        0.0795498
    20       bond angle        1 2 3       -0.0406104      1.9        0.0858957
    21       bond angle        2 1 7        0.0464271      1.8        0.0795499
    22       bond angle        2 3 4        0.0812207      7.7        0.3435827
    23       bond angle        2 3 9       -0.0406104      1.9        0.0858956
    24       bond angle        3 2 8       -0.0058168     -0.1       -0.0023365
    25       bond angle        3 4 5       -0.0406104      1.9        0.0858957
    26       bond angle       3 4 10       -0.0058168     -0.1       -0.0023365
    27       bond angle        4 3 9       -0.0406104      1.9        0.0858957
    28       bond angle       4 5 11        0.0464271      1.8        0.0795498
    29       bond angle        5 0 6       -0.0406104      1.9        0.0858956
    30       bond angle       5 4 10        0.0464271      1.8        0.0795499
    31       dihedral        5 0 1 2        0.0000000      0.0        0.0000000
    32       dihedral        5 0 1 7       -0.0000002      0.0        0.0000000
    33       dihedral        6 0 1 2        0.0000002      0.0        0.0000000
    34       dihedral        6 0 1 7       -0.0000000     -0.0       -0.0000000
    35       dihedral        1 0 5 4       -0.0000000      0.0        0.0000000
    36       dihedral       1 0 5 11        0.0000001      0.0        0.0000000
    37       dihedral        6 0 5 4       -0.0000002      0.0        0.0000000
    38       dihedral       6 0 5 11       -0.0000000      0.0        0.0000000
    39       dihedral        0 1 2 3       -0.0000000      0.0        0.0000000
    40       dihedral        0 1 2 8        0.0000002      0.0        0.0000000
    41       dihedral        7 1 2 3        0.0000002      0.0        0.0000000
    42       dihedral        7 1 2 8        0.0000003      0.0        0.0000000
    43       dihedral        1 2 3 4        0.0000000     -0.0       -0.0000000
    44       dihedral        1 2 3 9        0.0000002      0.0        0.0000000
    45       dihedral        8 2 3 4       -0.0000001      0.0        0.0000000
    46       dihedral        8 2 3 9        0.0000000      0.0        0.0000000
    47       dihedral        2 3 4 5       -0.0000000     -0.0       -0.0000000
    48       dihedral       2 3 4 10        0.0000002      0.0        0.0000000
    49       dihedral        9 3 4 5       -0.0000002      0.0        0.0000000
    50       dihedral       9 3 4 10        0.0000000     -0.0       -0.0000000
    51       dihedral        3 4 5 0        0.0000000      0.0        0.0000000
    52       dihedral       3 4 5 11       -0.0000002      0.0        0.0000000
    53       dihedral       10 4 5 0       -0.0000002      0.0        0.0000000
    54       dihedral      10 4 5 11       -0.0000003      0.0        0.0000000
