                   Strain Energy (kcal/mol)  Deviation (%)
      Geometries     0.29807718                  -
 Red. Int. Modes      0.01137092               -96.19

 RIM No.       RIM type                    delta_q (au) Percentage    Energy (kcal/mol)
     1       bond                0 1       -0.0036160     11.0        0.0012455
     2       bond                0 5       -0.0036160     11.0        0.0012455
     3       bond                0 6        0.0032089      9.7        0.0011070
     4       bond                1 2        0.0037017      4.9        0.0005516
     5       bond                1 7       -0.0016636      2.7        0.0003073
     6       bond                2 3       -0.0036160     11.0        0.0012455
     7       bond                2 8       -0.0016636      2.7        0.0003073
     8       bond                3 4       -0.0036160     11.0        0.0012455
     9       bond                3 9        0.0032089      9.7        0.0011070
    10       bond                4 5        0.0037017      4.9        0.0005516
    11       bond               4 10       -0.0016636      2.7        0.0003073
    12       bond               5 11       -0.0016636      2.7        0.0003073
    13       bond angle        1 0 5       -0.0016121      0.9        0.0000985
    14       bond angle        1 0 6        0.0008061      0.2        0.0000246
    15       bond angle        5 0 6        0.0008061      0.2        0.0000246
    16       bond angle        0 1 2        0.0008061      0.2        0.0000246
    17       bond angle        2 1 7       -0.0033215      2.2        0.0002498
    18       bond angle        0 1 7        0.0025155      1.0        0.0001123
    19       bond angle        1 2 3        0.0008061      0.2        0.0000246
    20       bond angle        1 2 8       -0.0033215      2.2        0.0002498
    21       bond angle        3 2 8        0.0025155      1.0        0.0001123
    22       bond angle        2 3 4       -0.0016121      0.9        0.0000985
    23       bond angle        2 3 9        0.0008061      0.2        0.0000246
    24       bond angle        4 3 9        0.0008061      0.2        0.0000246
    25       bond angle        3 4 5        0.0008061      0.2        0.0000246
    26       bond angle       5 4 10       -0.0033215      2.2        0.0002498
    27       bond angle       3 4 10        0.0025155      1.0        0.0001123
    28       bond angle        0 5 4        0.0008061      0.2        0.0000246
    29       bond angle       0 5 11        0.0025155      1.0        0.0001123
    30       bond angle       4 5 11       -0.0033215      2.2        0.0002498
    31       dihedral        5 0 1 2        0.0000001      0.0        0.0000000
    32       dihedral        5 0 1 7       -0.0000001      0.0        0.0000000
    33       dihedral        6 0 1 2        0.0000001      0.0        0.0000000
    34       dihedral        6 0 1 7        0.0000000     -0.0       -0.0000000
    35       dihedral        1 0 5 4       -0.0000001      0.0        0.0000000
    36       dihedral       1 0 5 11       -0.0000000      0.0        0.0000000
    37       dihedral        6 0 5 4       -0.0000001      0.0        0.0000000
    38       dihedral       6 0 5 11       -0.0000001      0.0        0.0000000
    39       dihedral        0 1 2 3       -0.0000001      0.0        0.0000000
    40       dihedral        0 1 2 8       -0.0000000      0.0        0.0000000
    41       dihedral        7 1 2 3        0.0000001      0.0        0.0000000
    42       dihedral        7 1 2 8        0.0000001      0.0        0.0000000
    43       dihedral        1 2 3 4        0.0000001      0.0        0.0000000
    44       dihedral        1 2 3 9        0.0000001      0.0        0.0000000
    45       dihedral        8 2 3 4        0.0000000      0.0        0.0000000
    46       dihedral        8 2 3 9        0.0000001      0.0        0.0000000
    47       dihedral        2 3 4 5       -0.0000001      0.0        0.0000000
    48       dihedral       2 3 4 10        0.0000001      0.0        0.0000000
    49       dihedral        9 3 4 5       -0.0000001      0.0        0.0000000
    50       dihedral       9 3 4 10       -0.0000000     -0.0       -0.0000000
    51       dihedral        3 4 5 0        0.0000001      0.0        0.0000000
    52       dihedral       3 4 5 11        0.0000000      0.0        0.0000000
    53       dihedral       10 4 5 0       -0.0000001      0.0        0.0000000
    54       dihedral      10 4 5 11       -0.0000001      0.0        0.0000000
                   Strain Energy (kcal/mol)  Deviation (%)
      Geometries     0.29807718                  -
 Red. Int. Modes      0.01137092               -96.19

 RIM No.       RIM type                    delta_q (au) Percentage    Energy (kcal/mol)
     1       bond                0 1       -0.0036160     11.0        0.0012455
     2       bond                0 5       -0.0036160     11.0        0.0012455
     3       bond                0 6        0.0032089      9.7        0.0011070
     4       bond                1 2        0.0037017      4.9        0.0005516
     5       bond                1 7       -0.0016636      2.7        0.0003073
     6       bond                2 3       -0.0036160     11.0        0.0012455
     7       bond                2 8       -0.0016636      2.7        0.0003073
     8       bond                3 4       -0.0036160     11.0        0.0012455
     9       bond                3 9        0.0032089      9.7        0.0011070
    10       bond                4 5        0.0037017      4.9        0.0005516
    11       bond               4 10       -0.0016636      2.7        0.0003073
    12       bond               5 11       -0.0016636      2.7        0.0003073
    13       bond angle        1 0 5       -0.0016121      0.9        0.0000985
    14       bond angle        1 0 6        0.0008061      0.2        0.0000246
    15       bond angle        5 0 6        0.0008061      0.2        0.0000246
    16       bond angle        0 1 2        0.0008061      0.2        0.0000246
    17       bond angle        2 1 7       -0.0033215      2.2        0.0002498
    18       bond angle        0 1 7        0.0025155      1.0        0.0001123
    19       bond angle        1 2 3        0.0008061      0.2        0.0000246
    20       bond angle        1 2 8       -0.0033215      2.2        0.0002498
    21       bond angle        3 2 8        0.0025155      1.0        0.0001123
    22       bond angle        2 3 4       -0.0016121      0.9        0.0000985
    23       bond angle        2 3 9        0.0008061      0.2        0.0000246
    24       bond angle        4 3 9        0.0008061      0.2        0.0000246
    25       bond angle        3 4 5        0.0008061      0.2        0.0000246
    26       bond angle       5 4 10       -0.0033215      2.2        0.0002498
    27       bond angle       3 4 10        0.0025155      1.0        0.0001123
    28       bond angle        0 5 4        0.0008061      0.2        0.0000246
    29       bond angle       0 5 11        0.0025155      1.0        0.0001123
    30       bond angle       4 5 11       -0.0033215      2.2        0.0002498
    31       dihedral        5 0 1 2        0.0000001      0.0        0.0000000
    32       dihedral        5 0 1 7       -0.0000001      0.0        0.0000000
    33       dihedral        6 0 1 2        0.0000001      0.0        0.0000000
    34       dihedral        6 0 1 7        0.0000000     -0.0       -0.0000000
    35       dihedral        1 0 5 4       -0.0000001      0.0        0.0000000
    36       dihedral       1 0 5 11       -0.0000000      0.0        0.0000000
    37       dihedral        6 0 5 4       -0.0000001      0.0        0.0000000
    38       dihedral       6 0 5 11       -0.0000001      0.0        0.0000000
    39       dihedral        0 1 2 3       -0.0000001      0.0        0.0000000
    40       dihedral        0 1 2 8       -0.0000000      0.0        0.0000000
    41       dihedral        7 1 2 3        0.0000001      0.0        0.0000000
    42       dihedral        7 1 2 8        0.0000001      0.0        0.0000000
    43       dihedral        1 2 3 4        0.0000001      0.0        0.0000000
    44       dihedral        1 2 3 9        0.0000001      0.0        0.0000000
    45       dihedral        8 2 3 4        0.0000000      0.0        0.0000000
    46       dihedral        8 2 3 9        0.0000001      0.0        0.0000000
    47       dihedral        2 3 4 5       -0.0000001      0.0        0.0000000
    48       dihedral       2 3 4 10        0.0000001      0.0        0.0000000
    49       dihedral        9 3 4 5       -0.0000001      0.0        0.0000000
    50       dihedral       9 3 4 10       -0.0000000     -0.0       -0.0000000
    51       dihedral        3 4 5 0        0.0000001      0.0        0.0000000
    52       dihedral       3 4 5 11        0.0000000      0.0        0.0000000
    53       dihedral       10 4 5 0       -0.0000001      0.0        0.0000000
    54       dihedral      10 4 5 11       -0.0000001      0.0        0.0000000
                   Strain Energy (kcal/mol)  Deviation (%)
      Geometries     0.29807718                  -
 Red. Int. Modes      0.01137092               -96.19

 RIM No.       RIM type                    delta_q (au) Percentage    Energy (kcal/mol)
     1       bond                0 1       -0.0036160     11.0        0.0012455
     2       bond                0 5       -0.0036160     11.0        0.0012455
     3       bond                0 6        0.0032089      9.7        0.0011070
     4       bond                1 2        0.0037017      4.9        0.0005516
     5       bond                1 7       -0.0016636      2.7        0.0003073
     6       bond                2 3       -0.0036160     11.0        0.0012455
     7       bond                2 8       -0.0016636      2.7        0.0003073
     8       bond                3 4       -0.0036160     11.0        0.0012455
     9       bond                3 9        0.0032089      9.7        0.0011070
    10       bond                4 5        0.0037017      4.9        0.0005516
    11       bond               4 10       -0.0016636      2.7        0.0003073
    12       bond               5 11       -0.0016636      2.7        0.0003073
    13       bond angle        0 1 2        0.0008061      0.2        0.0000246
    14       bond angle        0 1 7        0.0025155      1.0        0.0001123
    15       bond angle       0 5 11        0.0025155      1.0        0.0001123
    16       bond angle        0 5 4        0.0008061      0.2        0.0000246
    17       bond angle        1 0 5       -0.0016121      0.9        0.0000985
    18       bond angle        1 0 6        0.0008061      0.2        0.0000246
    19       bond angle        1 2 8       -0.0033215      2.2        0.0002498
    20       bond angle        1 2 3        0.0008061      0.2        0.0000246
    21       bond angle        2 1 7       -0.0033215      2.2        0.0002498
    22       bond angle        2 3 4       -0.0016121      0.9        0.0000985
    23       bond angle        2 3 9        0.0008061      0.2        0.0000246
    24       bond angle        3 2 8        0.0025155      1.0        0.0001123
    25       bond angle        3 4 5        0.0008061      0.2        0.0000246
    26       bond angle       3 4 10        0.0025155      1.0        0.0001123
    27       bond angle        4 3 9        0.0008061      0.2        0.0000246
    28       bond angle       4 5 11       -0.0033215      2.2        0.0002498
    29       bond angle        5 0 6        0.0008061      0.2        0.0000246
    30       bond angle       5 4 10       -0.0033215      2.2        0.0002498
    31       dihedral        5 0 1 2        0.0000001      0.0        0.0000000
    32       dihedral        5 0 1 7       -0.0000001      0.0        0.0000000
    33       dihedral        6 0 1 2        0.0000001      0.0        0.0000000
    34       dihedral        6 0 1 7        0.0000000     -0.0       -0.0000000
    35       dihedral        1 0 5 4       -0.0000001      0.0        0.0000000
    36       dihedral       1 0 5 11       -0.0000000      0.0        0.0000000
    37       dihedral        6 0 5 4       -0.0000001      0.0        0.0000000
    38       dihedral       6 0 5 11       -0.0000001      0.0        0.0000000
    39       dihedral        0 1 2 3       -0.0000001      0.0        0.0000000
    40       dihedral        0 1 2 8       -0.0000000      0.0        0.0000000
    41       dihedral        7 1 2 3        0.0000001      0.0        0.0000000
    42       dihedral        7 1 2 8        0.0000001      0.0        0.0000000
    43       dihedral        1 2 3 4        0.0000001      0.0        0.0000000
    44       dihedral        1 2 3 9        0.0000001      0.0        0.0000000
    45       dihedral        8 2 3 4        0.0000000      0.0        0.0000000
    46       dihedral        8 2 3 9        0.0000001      0.0        0.0000000
    47       dihedral        2 3 4 5       -0.0000001      0.0        0.0000000
    48       dihedral       2 3 4 10        0.0000001      0.0        0.0000000
    49       dihedral        9 3 4 5       -0.0000001      0.0        0.0000000
    50       dihedral       9 3 4 10       -0.0000000     -0.0       -0.0000000
    51       dihedral        3 4 5 0        0.0000001      0.0        0.0000000
    52       dihedral       3 4 5 11        0.0000000      0.0        0.0000000
    53       dihedral       10 4 5 0       -0.0000001      0.0        0.0000000
    54       dihedral      10 4 5 11       -0.0000001      0.0        0.0000000
