
                   Strain Energy (kcal/mol)  Deviation (%)
      Geometries     4.36848220                  -
 Red. Int. Modes      5.07443421                16.16

 RIM No.       RIM type                    delta_q (au) Percentage    Energy (kcal/mol)
     1       bond                0 1        0.2539905    100.3        5.0877857
     2       bond                0 2       -0.0044395     -0.0       -0.0004731
     3       bond                0 3       -0.0044236     -0.0       -0.0001378
     4       bond                0 4       -0.0044236     -0.0       -0.0001378
     5       bond                1 5       -0.0044395     -0.0       -0.0004719
     6       bond                1 6       -0.0044236     -0.0       -0.0001387
     7       bond                1 7       -0.0044236     -0.0       -0.0001387
     8       bond angle        0 1 5       -0.0282022      0.1        0.0045010
     9       bond angle        0 1 6       -0.0282029     -0.1       -0.0036648
    10       bond angle        0 1 7       -0.0282029     -0.1       -0.0036648
    11       bond angle        1 0 2       -0.0282022      0.1        0.0045128
    12       bond angle        1 0 3       -0.0282029     -0.1       -0.0036657
    13       bond angle        1 0 4       -0.0282029     -0.1       -0.0036657
    14       bond angle        2 0 3        0.0291629     -0.0       -0.0007822
    15       bond angle        2 0 4        0.0291629     -0.0       -0.0007822
    16       bond angle        3 0 4        0.0291510     -0.0       -0.0015311
    17       bond angle        5 1 6        0.0291629     -0.0       -0.0007847
    18       bond angle        5 1 7        0.0291629     -0.0       -0.0007847
    19       bond angle        6 1 7        0.0291510     -0.0       -0.0015372
    20       dihedral        2 0 1 5        0.0000000      0.0        0.0000000
    21       dihedral        2 0 1 6        0.0000060     -0.0       -0.0000003
    22       dihedral        2 0 1 7       -0.0000060     -0.0       -0.0000003
    23       dihedral        3 0 1 5        0.0000060     -0.0       -0.0000003
    24       dihedral        3 0 1 6        0.0000120     -0.0       -0.0000013
    25       dihedral        3 0 1 7        0.0000000      0.0        0.0000000
    26       dihedral        4 0 1 5       -0.0000060     -0.0       -0.0000003
    27       dihedral        4 0 1 6        0.0000000      0.0        0.0000000
    28       dihedral        4 0 1 7       -0.0000120     -0.0       -0.0000013
