                   Strain Energy (kcal/mol)  Deviation (%)
      Geometries     8.39570973                  -
 Red. Int. Modes      7.81177232                -6.96

 RIM No.       RIM type                    delta_q (au) Percentage    Energy (kcal/mol)
     1       bond                0 1       -0.0839346      7.1        0.5580494
     2       bond                0 2       -0.0834985      7.1        0.5536606
     3       bond                0 4       -0.0950863     10.0        0.7813246
     4       bond                0 6       -0.0574223      4.6        0.3566089
     5       bond                1 2       -0.0839347      7.1        0.5580652
     6       bond                1 3       -0.0939587      9.8        0.7682324
     7       bond                1 7       -0.0575117      4.6        0.3574720
     8       bond                2 5       -0.0950863     10.0        0.7813246
     9       bond                2 8       -0.0574196      4.6        0.3565709
    10       bond                3 4       -0.0839347      7.1        0.5580652
    11       bond                3 5       -0.0839346      7.1        0.5580494
    12       bond                3 9       -0.0575117      4.6        0.3574720
    13       bond                4 5       -0.0834985      7.1        0.5536606
    14       bond               4 10       -0.0574196      4.6        0.3565709
    15       bond               5 11       -0.0574223      4.6        0.3566089
    16       bond angle        0 1 2        0.0001805      0.0        0.0000013
    17       bond angle        0 1 3       -0.0001324      0.0        0.0000009
    18       bond angle        0 1 7       -0.0007232      0.0        0.0000004
    19       bond angle        0 2 1       -0.0000899      0.0        0.0000003
    20       bond angle        0 2 8       -0.0007409     -0.0       -0.0000041
    21       bond angle        0 2 5       -0.0000494      0.0        0.0000000
    22       bond angle       0 4 10        0.0005033     -0.0       -0.0000048
    23       bond angle        0 4 3        0.0002715      0.0        0.0000021
    24       bond angle        0 4 5       -0.0000494      0.0        0.0000000
    25       bond angle        1 0 2       -0.0000905      0.0        0.0000003
    26       bond angle        1 0 4        0.0001321      0.0        0.0000009
    27       bond angle        1 0 6       -0.0001181     -0.0       -0.0000005
    28       bond angle        1 2 8       -0.0001798     -0.0       -0.0000008
    29       bond angle        1 2 5        0.0002715      0.0        0.0000021
    30       bond angle        1 3 9        0.0011907      0.0        0.0000082
    31       bond angle        1 3 4       -0.0002711      0.0        0.0000021
    32       bond angle        1 3 5       -0.0001324      0.0        0.0000009
    33       bond angle        2 0 4        0.0000495      0.0        0.0000000
    34       bond angle        2 0 6       -0.0006870     -0.0       -0.0000041
    35       bond angle        2 1 7       -0.0008224      0.0        0.0000007
    36       bond angle        2 1 3       -0.0002711      0.0        0.0000021
    37       bond angle        2 5 4        0.0000495      0.0        0.0000000
    38       bond angle        2 5 3        0.0001321      0.0        0.0000009
    39       bond angle       2 5 11        0.0004512     -0.0       -0.0000045
    40       bond angle        3 1 7        0.0011907      0.0        0.0000082
    41       bond angle       3 4 10       -0.0001798     -0.0       -0.0000008
    42       bond angle        3 4 5       -0.0000899      0.0        0.0000003
    43       bond angle       3 5 11       -0.0001181     -0.0       -0.0000005
    44       bond angle        3 5 4       -0.0000905      0.0        0.0000003
    45       bond angle        4 0 6        0.0004512     -0.0       -0.0000045
    46       bond angle        4 3 9       -0.0008224      0.0        0.0000007
    47       bond angle        4 3 5        0.0001805      0.0        0.0000013
    48       bond angle       4 5 11       -0.0006870     -0.0       -0.0000041
    49       bond angle        5 2 8        0.0005033     -0.0       -0.0000048
    50       bond angle        5 3 9       -0.0007232      0.0        0.0000004
    51       bond angle       5 4 10       -0.0007409     -0.0       -0.0000041
    52       dihedral        2 0 1 3        0.0002367      0.0        0.0000012
    53       dihedral        2 0 1 7       -0.0008124     -0.0       -0.0000028
    54       dihedral        4 0 1 2       -0.0000192      0.0        0.0000001
    55       dihedral        4 0 1 3        0.0002175      0.0        0.0000004
    56       dihedral        4 0 1 7       -0.0008315     -0.0       -0.0000003
    57       dihedral        6 0 1 2        0.0009324     -0.0       -0.0000043
    58       dihedral        6 0 1 3        0.0011691      0.0        0.0000005
    59       dihedral        6 0 1 7        0.0001201     -0.0       -0.0000001
    60       dihedral        1 0 2 5        0.0003421      0.0        0.0000032
    61       dihedral        1 0 2 8        0.0001341     -0.0       -0.0000003
    62       dihedral        4 0 2 1       -0.0001239      0.0        0.0000009
    63       dihedral        4 0 2 5        0.0002182      0.0        0.0000005
    64       dihedral        4 0 2 8        0.0000102     -0.0       -0.0000001
    65       dihedral        6 0 2 1       -0.0000649     -0.0       -0.0000002
    66       dihedral        6 0 2 5        0.0002772      0.0        0.0000033
    67       dihedral        6 0 2 8        0.0000692     -0.0       -0.0000000
    68       dihedral        1 0 4 3       -0.0002220      0.0        0.0000005
    69       dihedral        1 0 4 5       -0.0001321     -0.0       -0.0000002
    70       dihedral       1 0 4 10        0.0007123      0.0        0.0000045
    71       dihedral        2 0 4 3       -0.0003126      0.0        0.0000018
    72       dihedral        2 0 4 5       -0.0002226      0.0        0.0000005
    73       dihedral       2 0 4 10        0.0006218      0.0        0.0000016
    74       dihedral        6 0 4 3       -0.0009438      0.0        0.0000076
    75       dihedral        6 0 4 5       -0.0008538      0.0        0.0000038
    76       dihedral       6 0 4 10       -0.0000094     -0.0       -0.0000000
    77       dihedral        0 1 2 5        0.0002139      0.0        0.0000011
    78       dihedral        0 1 2 8       -0.0009899     -0.0       -0.0000040
    79       dihedral        3 1 2 0        0.0000036     -0.0       -0.0000000
    80       dihedral        3 1 2 5        0.0002175      0.0        0.0000004
    81       dihedral        3 1 2 8       -0.0009862     -0.0       -0.0000009
    82       dihedral        7 1 2 0        0.0006613     -0.0       -0.0000026
    83       dihedral        7 1 2 5        0.0008751      0.0        0.0000010
    84       dihedral        7 1 2 8       -0.0003286     -0.0       -0.0000000
    85       dihedral        0 1 3 4       -0.0002220      0.0        0.0000005
    86       dihedral        0 1 3 5       -0.0000415     -0.0       -0.0000002
    87       dihedral        0 1 3 9        0.0001008      0.0        0.0000003
    88       dihedral        2 1 3 4       -0.0004026      0.0        0.0000038
    89       dihedral        2 1 3 5       -0.0002220      0.0        0.0000005
    90       dihedral        2 1 3 9       -0.0000798      0.0        0.0000004
    91       dihedral        7 1 3 4       -0.0000798      0.0        0.0000004
    92       dihedral        7 1 3 5        0.0001008      0.0        0.0000003
    93       dihedral        7 1 3 9        0.0002431      0.0        0.0000001
    94       dihedral        0 2 5 3       -0.0001321     -0.0       -0.0000002
    95       dihedral        0 2 5 4       -0.0002226      0.0        0.0000005
    96       dihedral       0 2 5 11       -0.0008538      0.0        0.0000038
    97       dihedral        1 2 5 3       -0.0002220      0.0        0.0000005
    98       dihedral        1 2 5 4       -0.0003126      0.0        0.0000018
    99       dihedral       1 2 5 11       -0.0009438      0.0        0.0000076
   100       dihedral        8 2 5 3        0.0007123      0.0        0.0000045
   101       dihedral        8 2 5 4        0.0006218      0.0        0.0000016
   102       dihedral       8 2 5 11       -0.0000094     -0.0       -0.0000000
   103       dihedral        1 3 4 0        0.0002175      0.0        0.0000004
   104       dihedral        1 3 4 5        0.0000036     -0.0       -0.0000000
   105       dihedral       1 3 4 10       -0.0009862     -0.0       -0.0000009
   106       dihedral        5 3 4 0        0.0002139      0.0        0.0000011
   107       dihedral       5 3 4 10       -0.0009899     -0.0       -0.0000040
   108       dihedral        9 3 4 0        0.0008751      0.0        0.0000010
   109       dihedral        9 3 4 5        0.0006613     -0.0       -0.0000026
   110       dihedral       9 3 4 10       -0.0003286     -0.0       -0.0000000
   111       dihedral        1 3 5 2        0.0002175      0.0        0.0000004
   112       dihedral        1 3 5 4        0.0002367      0.0        0.0000012
   113       dihedral       1 3 5 11        0.0011691      0.0        0.0000005
   114       dihedral        4 3 5 2       -0.0000192      0.0        0.0000001
   115       dihedral       4 3 5 11        0.0009324     -0.0       -0.0000043
   116       dihedral        9 3 5 2       -0.0008315     -0.0       -0.0000003
   117       dihedral        9 3 5 4       -0.0008124     -0.0       -0.0000028
   118       dihedral       9 3 5 11        0.0001201     -0.0       -0.0000001
   119       dihedral        0 4 5 2        0.0002182      0.0        0.0000005
   120       dihedral        0 4 5 3        0.0003421      0.0        0.0000032
   121       dihedral       0 4 5 11        0.0002772      0.0        0.0000033
   122       dihedral        3 4 5 2       -0.0001239      0.0        0.0000009
   123       dihedral       3 4 5 11       -0.0000649     -0.0       -0.0000002
   124       dihedral       10 4 5 2        0.0000102     -0.0       -0.0000001
   125       dihedral       10 4 5 3        0.0001341     -0.0       -0.0000003
   126       dihedral      10 4 5 11        0.0000692     -0.0       -0.0000000
